Car 0.244941 0 2.214229 0 216 213 372 1.431419 1.697305 3.744055 -7.0116 1.914319 9.162464 1.561038
Car 0 0 -1.654435 649 179 699 219 1.546081 1.6639 4.146974 2.237354 1.221785 30.80622 -1.581936
Car 0 1 2.822037 783 170 936 223 1.473782 1.69797 4.648869 7.742699 1.01491 23.71708 3.137589
Car 0 1 -3.427826 772 159 899 217 1.909038 1.812069 4.330702 7.90061 0.975078 26.81066 -3.141256
Car 0 0 -1.396102 460 186 509 223 1.632486 1.608983 3.812409 -6.503802 1.622184 35.06604 -1.579491
Car 0 2 1.81508 385 194 462 244 1.430527 1.566407 3.482533 -6.419214 1.731588 24.00724 1.553805
Car 0 2 2.897777 743 169 844 210 1.630828 1.672862 4.318664 7.833429 0.9148723 32.99836 3.130851
Car 0 1 1.690076 499 186 535 212 1.530483 1.680223 3.862273 -6.576097 1.509776 46.35625 1.549156
Car 0 1 1.699815 514 186 544 208 1.420148 1.552787 3.85067 -6.4967 1.449114 51.86387 1.575199
Car 0 2 1.660377 524 186 549 206 1.427379 1.478135 3.709917 -6.524401 1.400429 56.73594 1.545884
Car 0 1 1.654623 532 186 556 203 1.400546 1.647438 4.024915 -6.598934 1.342625 62.72633 1.549807
Car 0 0 2.985393 700 173 751 196 1.639204 1.585631 3.989951 8.475677 0.6184163 58.65764 3.128894
Car 0 3 2.96791 703 173 739 195 1.719717 1.682953 2.781201 8.467289 0.5921038 61.25831 3.105263
Car 0 2 2.980105 692 174 733 194 1.674444 1.672834 3.425593 8.056053 0.5892762 63.56582 3.106169
Car 0 1 -0.5635468 978 155 1074 191 1.736666 1.796667 4.374446 22.0381 0.1264783 39.47203 -0.05433684
Car 0 1 -0.4566169 949 160 1041 190 1.55 1.85 4.65 22.06804 0.09089839 42.78463 0.01958554
Car 0 3 -0.3861499 866 165 926 187 1.532222 1.85 4.267781 22.02497 -0.06492937 58.15347 -0.02410549
Car 0 3 -0.3624249 854 164 913 187 1.665556 1.85 4.490002 22.05646 -0.09508204 60.93047 -0.01510537
Car 0 3 3.002195 683 175 724 194 1.56902 1.615801 3.690002 7.585257 0.5838498 66.42053 3.115903
Car 0 1 1.693546 542 184 565 201 1.426384 1.614783 4.125178 -6.48516 1.258908 70.30649 1.601565
Car 0 1 -1.639605 639 179 661 197 1.471051 1.596091 3.865517 2.586817 0.8565105 64.60597 -1.599586
Car 0 2 -1.61938 637 178 657 196 1.571396 1.572021 4.042688 2.51593 0.8028703 70.1734 -1.583543
Car 0 2 1.653044 550 184 568 199 1.481957 1.499868 3.577903 -6.486816 1.198745 76.1661 1.568082
Car 0 2 1.475276 635 180 653 194 1.455476 1.614714 3.60968 2.553099 0.7004718 79.94908 1.507199
Car 0 1 1.718924 556 183 575 197 1.484442 1.564952 4.090225 -6.507359 1.105042 85.38133 1.642856
Car 0 2 -1.663006 632 179 650 193 1.462216 1.667148 3.889512 2.356012 0.651083 85.72676 -1.63553
Car 0 1 1.638821 565 182 579 194 1.561269 1.630639 3.624328 -6.752262 0.963537 100.3547 1.571638
Car 0 2 -1.653139 629 179 644 191 1.508927 1.600727 3.541442 2.072332 0.5774 94.29535 -1.631166
Car 0 3 -1.697632 629 179 644 191 1.531034 1.504644 3.336817 2.110409 0.5195723 99.73152 -1.676474
Car 0 2 1.619129 569 183 581 193 1.456842 1.426118 3.51561 -6.679661 0.9074725 105.4487 1.555869
Car 0 0 -0.6093875 1033 143 1167 194 2.059121 2.073281 4.939535 21.82954 0.202448 33.11395 -0.02655459
Car 0 2 -2.977356 538 181 564 193 1.945312 1.892187 4.609375 -12.50046 0.9496045 130.1201 -3.07313
Car 0 0 1.936107 148 206 435 367 1.406945 1.755342 4.396943 -3.798829 1.749047 9.357958 1.550485
Car 0 1 1.805347 385 196 496 269 1.414443 1.655112 3.354591 -4.046251 1.684333 16.87491 1.570011
