Car 0 0 1.917948 283 204 406 278 1.417371 1.540477 3.504343 -6.328778 1.892548 17.0662 1.562832
Car 0 0 -1.707054 682 182 766 242 1.512623 1.746308 3.775172 2.855708 1.389051 20.59258 -1.569257
Car 0 0 1.853241 374 200 462 253 1.360295 1.513462 4.017023 -6.203372 1.855433 22.63909 1.585794
Car 0 0 1.762074 451 187 511 233 1.73687 1.652467 4.107703 -5.86264 1.792001 30.94593 1.574845
Car 0 1 1.744895 482 189 529 223 1.609242 1.638188 3.998 -5.901842 1.757776 37.57619 1.589104
Car 0 1 1.690502 518 190 552 214 1.431419 1.697305 3.744055 -5.671676 1.686167 48.44196 1.573951
Car 0 0 -1.624065 650 181 671 198 1.546081 1.6639 4.146974 3.855125 1.066105 69.96706 -1.569022
Car 0 2 -3.279385 701 178 755 198 1.473782 1.69797 4.648869 9.267967 0.819931 62.8083 -3.132883
Car 0 2 -3.271206 701 173 749 197 1.909038 1.812069 4.330702 9.465797 0.7925806 65.8997 -3.128542
Car 0 1 -1.501702 563 185 583 202 1.632486 1.608983 3.812409 -4.829494 1.500024 74.33778 -1.566577
Car 0 0 1.643808 553 188 575 205 1.430527 1.566407 3.482533 -4.88772 1.563628 63.27847 1.566719
Car 0 2 -3.270358 694 177 738 195 1.630828 1.672862 4.318664 9.478529 0.7580373 72.08796 -3.139622
Car 0 1 1.617556 572 186 589 199 1.530483 1.680223 3.862273 -4.755997 1.434348 85.62836 1.562071
Car 0 2 1.638603 576 186 592 198 1.420148 1.552787 3.85067 -4.605494 1.396274 91.1347 1.588111
Car 0 2 1.606367 580 186 593 197 1.427379 1.478135 3.709917 -4.570282 1.367749 96.00688 1.5588
Car 0 1 1.607471 581 186 595 197 1.400546 1.647438 4.024915 -4.567459 1.334808 101.9979 1.562721
Car 0 1 -3.248114 683 178 713 192 1.639204 1.585631 3.989951 10.45198 0.5663196 97.7378 -3.141579
Car 0 3 3.01393 686 178 707 191 1.719717 1.682953 2.781201 10.47717 0.5507568 100.3384 3.117972
Car 0 2 3.020843 680 178 704 191 1.674444 1.672834 3.425593 10.09581 0.5582032 102.6511 3.118878
Car 0 2 -0.336011 819 169 863 187 1.736666 1.796667 4.374446 23.76431 -0.02953553 78.38074 -0.04162959
Car 0 3 -0.2516044 810 171 855 187 1.55 1.85 4.65 23.837 -0.05149698 81.69279 0.03230177
Car 0 2 -0.2537248 783 173 817 186 1.532222 1.85 4.267781 23.99239 -0.1438112 97.06142 -0.01139473
Car 0 3 -0.2388726 778 173 813 186 1.665556 1.85 4.490002 24.05973 -0.162559 99.83788 -0.002393589
Car 0 3 -0.2485346 777 173 813 186 1.532222 1.85 4.943336 24.66206 -0.2100568 102.7141 -0.01289133
Car 0 3 -0.262116 775 173 811 186 1.567778 1.85 4.916665 24.96999 -0.2400448 105.227 -0.0291288
Car 0 2 3.037295 674 179 700 191 1.56902 1.615801 3.690002 9.661949 0.565418 105.5116 3.128613
Car 0 2 1.654204 585 185 599 196 1.426384 1.614783 4.125178 -4.355824 1.28217 109.5762 1.614473
Car 0 1 -1.631368 646 182 660 193 1.471051 1.596091 3.865517 4.640955 0.8397026 103.7607 -1.586671
Car 0 2 -1.613062 645 181 658 192 1.571396 1.572021 4.042688 4.641968 0.8091712 109.3288 -1.570629
Car 0 2 1.61807 588 185 599 195 1.481957 1.499868 3.577903 -4.281815 1.246196 115.4356 1.580995
Car 0 2 1.479795 644 182 656 191 1.455476 1.614714 3.60968 4.805355 0.7470542 119.1035 1.520119
Car 0 1 1.689306 590 185 603 194 1.484442 1.564952 4.090225 -4.183371 1.190566 124.6506 1.655758
Car 0 2 -1.660091 642 182 654 191 1.462216 1.667148 3.889512 4.682915 0.7218726 124.8834 -1.62261
Car 0 2 1.614871 594 184 604 193 1.561269 1.630639 3.624328 -4.23489 1.11131 139.6263 1.58455
Car 0 2 -1.652027 640 182 651 191 1.508927 1.600727 3.541442 4.509914 0.6840739 133.4551 -1.618247
Car 0 3 -1.696789 640 182 650 190 1.531034 1.504644 3.336817 4.618176 0.6486146 138.8906 -1.663551
Car 0 2 1.597082 596 185 604 192 1.456842 1.426118 3.51561 -4.096527 1.076139 144.7192 1.568783
Car 0 2 -0.3288966 830 165 885 188 2.059121 2.073281 4.939535 23.47368 0.02057147 72.02563 -0.01384427
Car 0 2 -3.003831 570 183 590 192 1.945312 1.892187 4.609375 -9.597748 1.230716 169.4633 -3.060407
Car 0.1672943 0 0.8252236 1142 134 1241 193 2.29979 2.017562 4.728489 24.59163 0.1903055 30.24887 1.507827
Car 0.5896339 3 -0.8486263 0 217 67 266 1.494964 1.698646 4.507233 -21.00592 2.627207 24.20997 -1.563282
Car 0.007861018 2 -0.9188194 0 213 135 269 1.5 1.558375 4.451755 -18.55351 2.496899 24.3963 -1.56901
