Car 0 0 1.798973 407 199 477 246 1.417371 1.540477 3.504343 -6.187012 1.905123 25.56123 1.561494
Car 0 1 -1.672812 668 179 724 222 1.512623 1.746308 3.775172 2.984499 1.261468 29.09857 -1.570604
Car 0 1 1.776957 448 197 505 234 1.360295 1.513462 4.017023 -6.069214 1.860684 31.13423 1.584435
Car 0 0 1.718012 491 187 535 222 1.73687 1.652467 4.107703 -5.739967 1.784046 39.44142 1.573496
Car 0 1 1.712719 510 188 547 216 1.609242 1.638188 3.998 -5.788058 1.743911 46.07159 1.587742
Car 0 1 1.670166 535 189 563 209 1.431419 1.697305 3.744055 -5.572722 1.658236 56.93756 1.572603
Car 0 0 -1.620237 648 180 666 195 1.546081 1.6639 4.146974 3.916574 0.8752936 78.47394 -1.570369
Car 0 1 -3.264208 692 176 739 194 1.473782 1.69797 4.648869 9.334202 0.5555639 71.32169 -3.134073
Car 0 2 -3.257073 692 172 735 193 1.909038 1.812069 4.330702 9.527687 0.5222411 74.41332 -3.129728
Car 0 1 -1.510452 570 185 587 200 1.632486 1.608983 3.812409 -4.766142 1.434197 82.83424 -1.567927
Car 0 0 1.632284 562 187 581 203 1.430527 1.566407 3.482533 -4.80943 1.509498 71.77491 1.565377
Car 0 3 -3.258533 687 175 726 192 1.630828 1.672862 4.318664 9.532078 0.4814484 80.60155 -3.140818
Car 0 2 1.610709 577 185 592 198 1.530483 1.680223 3.862273 -4.707905 1.356371 94.12483 1.560733
Car 0 2 1.632536 580 185 594 197 1.420148 1.552787 3.85067 -4.564945 1.310665 99.63131 1.58675
Car 0 2 1.600846 583 185 595 196 1.427379 1.478135 3.709917 -4.53632 1.276844 104.5035 1.557465
Car 0 2 1.602462 584 185 597 195 1.400546 1.647438 4.024915 -4.541563 1.237993 110.4945 1.561383
Car 0 1 3.042185 678 176 706 189 1.639204 1.585631 3.989951 10.47015 0.2501225 106.2524 3.140408
Car 0 3 3.020664 681 176 700 189 1.719717 1.682953 2.781201 10.49182 0.2316384 108.853 3.116753
Car 0 2 3.026984 675 177 698 189 1.674444 1.672834 3.425593 10.10768 0.2424963 111.1652 3.11766
Car 0 3 -0.2360893 770 171 801 183 1.532222 1.85 4.267781 23.99932 -0.6608858 105.5922 -0.01260286
Car 0 3 -0.2220949 766 170 798 183 1.665556 1.85 4.490002 24.06287 -0.6833551 108.3687 -0.003593667
Car 0 3 -0.2322516 765 171 798 183 1.532222 1.85 4.943336 24.66079 -0.7426345 111.2457 -0.01410071
Car 0 3 -0.246384 763 171 796 183 1.567778 1.85 4.916665 24.96506 -0.7796671 113.7589 -0.03035278
Car 0 2 3.042797 670 178 694 189 1.56902 1.615801 3.690002 9.670353 0.2533674 114.0252 3.127404
Car 0 1 1.649832 588 185 600 194 1.426384 1.614783 4.125178 -4.340324 1.174784 118.073 1.613089
Car 0 1 -1.629452 645 181 657 191 1.471051 1.596091 3.865517 4.656223 0.6041012 112.2683 -1.588002
Car 0 2 -1.611414 644 180 655 190 1.571396 1.572021 4.042688 4.64975 0.5681019 117.8363 -1.571975
Car 0 2 1.614115 590 184 601 194 1.481957 1.499868 3.577903 -4.274267 1.131971 123.9324 1.57964
Car 0 2 1.481223 642 181 654 190 1.455476 1.614714 3.60968 4.799831 0.4939806 127.6112 1.518818
Car 0 1 1.685784 592 184 604 193 1.484442 1.564952 4.090225 -4.188301 1.065851 133.1475 1.654338
Car 0 2 -1.658903 640 181 652 189 1.462216 1.667148 3.889512 4.669712 0.4649611 133.3909 -1.623909
Car 0 2 1.611944 595 183 605 192 1.561269 1.630639 3.624328 -4.259933 0.9726973 148.1231 1.583193
Car 0 2 -1.651135 639 181 649 189 1.508927 1.600727 3.541442 4.485336 0.4213428 141.9624 -1.61955
Car 0 3 -1.695918 638 181 648 189 1.531034 1.504644 3.336817 4.586189 0.3789496 147.3979 -1.664813
Car 0 2 1.594378 597 184 605 191 1.456842 1.426118 3.51561 -4.12854 0.930479 153.216 1.567439
Car 0 2 -3.007314 572 183 591 192 1.945312 1.892187 4.609375 -9.658142 1.142707 177.9535 -3.061534
Car 0 0 0.9396394 1035 135 1133 183 2.29979 2.017562 4.728489 24.68794 -0.2702601 38.78082 1.506538
Car 0 1 -0.908541 0 222 104 262 1.429688 1.8 3.960938 -25.95945 3.192492 33.25587 -1.571339
Car 0 1 -0.9566389 57 219 153 258 1.399088 1.6037 3.967162 -23.51436 3.026783 33.29932 -1.571481
Car 0 1 -0.9966093 103 214 205 256 1.494964 1.698646 4.507233 -20.86061 2.851245 32.68739 -1.564634
Car 0 1 -1.059875 166 210 256 251 1.5 1.558375 4.451755 -18.41065 2.684253 32.87665 -1.570357
