Car 0.9008427 0 2.371058 0 225 94 374 1.417371 1.540477 3.504343 -6.539918 1.863808 6.266037 1.564276
Car 0 0 -1.832843 727 179 943 321 1.512623 1.746308 3.775172 2.653608 1.419273 9.776753 -1.567808
Car 0 0 2.083275 90 208 325 321 1.360295 1.513462 4.017023 -6.406388 1.791752 11.83839 1.587249
Car 0 0 1.868217 342 184 451 256 1.73687 1.652467 4.107703 -6.053483 1.677608 20.14419 1.576295
Car 0 1 1.813969 416 186 489 235 1.609242 1.638188 3.998 -6.083103 1.600136 26.77413 1.590561
Car 0 1 1.729257 484 186 530 217 1.431419 1.697305 3.744055 -5.837109 1.460274 37.63889 1.575401
Car 0 0 -1.630468 654 177 679 197 1.546081 1.6639 4.146974 3.724936 0.7857699 59.14673 -1.567573
Car 0 0 -3.305073 716 174 781 197 1.473782 1.69797 4.648869 9.129732 0.6341099 51.97926 -3.131205
Car 0 2 -3.29473 715 168 773 196 1.909038 1.812069 4.330702 9.332123 0.5885191 55.07016 -3.126866
Car 0 2 -1.48726 552 180 575 200 1.632486 1.608983 3.812409 -4.957075 1.114082 63.53182 -1.565127
Car 0 0 1.663757 537 184 564 205 1.430527 1.566407 3.482533 -5.03133 1.248722 52.47322 1.568165
Car 0 2 -3.289466 706 173 758 194 1.630828 1.672862 4.318664 9.353817 0.5140508 61.25804 -3.137941
Car 0 3 1.628474 563 181 583 197 1.530483 1.680223 3.862273 -4.867202 0.9760105 74.82162 1.563514
Car 0 3 1.648119 569 182 587 195 1.420148 1.552787 3.85067 -4.708665 0.9036505 80.32738 1.589567
Car 0 2 1.614957 573 181 588 194 1.427379 1.478135 3.709917 -4.666378 0.8439155 85.19923 1.560242
Car 0 2 1.615167 576 181 591 193 1.400546 1.647438 4.024915 -4.654877 0.7722366 91.18993 1.564165
Car 0 1 -3.258603 691 174 724 189 1.639204 1.585631 3.989951 10.36483 0.165045 86.90477 -3.139897
Car 0 3 3.004058 693 173 717 188 1.719717 1.682953 2.781201 10.3938 0.13288 89.50523 3.119665
Car 0 2 3.01192 686 174 714 188 1.674444 1.672834 3.425593 10.01561 0.1219682 91.81836 3.120571
Car 0 2 -0.3768736 849 165 901 186 1.736666 1.796667 4.374446 23.65483 -0.1870364 67.52641 -0.03992729
Car 0 2 -0.2893013 838 167 890 185 1.55 1.85 4.65 23.73235 -0.2297796 70.83815 0.0339684
Car 0 0 -0.2802664 803 170 841 184 1.532222 1.85 4.267781 23.91005 -0.4201461 86.20564 -0.009706822
Car 0 3 -0.2639646 797 169 836 184 1.665556 1.85 4.490002 23.98145 -0.4562582 88.98183 -0.0007099761
Car 0 3 -0.2727503 794 170 836 183 1.532222 1.85 4.943336 24.5882 -0.5170021 91.8569 -0.01120264
Car 0 3 -0.2854094 792 170 832 183 1.567778 1.85 4.916665 24.89989 -0.5605066 94.36908 -0.0274325
Car 0 2 3.029402 680 175 709 188 1.56902 1.615801 3.690002 9.585709 0.1068119 94.67949 3.130302
Car 0 1 1.660788 580 181 596 192 1.426384 1.614783 4.125178 -4.432188 0.6724508 98.76747 1.615943
Car 0 1 -1.634257 649 178 664 190 1.471051 1.596091 3.865517 4.560026 0.3477182 92.9371 -1.58523
Car 0 2 -1.615532 648 177 661 189 1.571396 1.572021 4.042688 4.569109 0.2811702 98.50484 -1.569181
Car 0 2 1.623997 584 180 597 191 1.481957 1.499868 3.577903 -4.349667 0.599226 104.6264 1.582448
Car 0 2 1.477733 646 178 660 188 1.455476 1.614714 3.60968 4.746721 0.1572652 108.2787 1.521543
Car 0 1 1.694457 587 180 601 190 1.484442 1.564952 4.090225 -4.237835 0.4848508 113.8407 1.657248
Car 0 2 -1.66178 644 178 657 187 1.462216 1.667148 3.889512 4.632584 0.09359694 114.0585 -1.621187
Car 0 2 1.619123 591 179 602 189 1.561269 1.630639 3.624328 -4.267693 0.3082429 128.8156 1.586005
Car 0 2 -1.653272 641 178 653 187 1.508927 1.600727 3.541442 4.471924 -0.001202226 122.6301 -1.616821
Car 0 3 -1.697957 641 177 653 186 1.531034 1.504644 3.336817 4.588104 -0.07086468 128.065 -1.662146
Car 0 2 1.601001 594 180 603 188 1.456842 1.426118 3.51561 -4.121887 0.2413528 133.908 1.57023
Car 0 2 -0.3768646 865 160 931 187 2.059121 2.073281 4.939535 23.35487 -0.09839916 61.17216 -0.01215504
Car 0 2 -2.998397 566 178 588 188 1.945312 1.892187 4.609375 -9.589649 0.1868509 158.66 -3.058765
Car 0 0 1.657686 555 183 588 206 1.406945 1.755342 4.396943 -3.277584 1.208417 49.39801 1.591433
