Car 0.002168715 0 2.143327 0 208 266 353 1.609242 1.638188 3.998 -7.062665 2.00597 10.82442 1.565213
Car 0 1 1.866046 329 202 428 260 1.431419 1.697305 3.744055 -7.092142 1.959691 21.69272 1.550064
Car 0 0 -1.636978 636 183 670 211 1.546081 1.6639 4.146974 1.915636 1.352231 43.4405 -1.592909
Car 0 0 2.923264 723 176 819 211 1.473782 1.69797 4.648869 7.496675 1.066316 36.41357 3.126303
Car 0 2 2.940103 719 169 803 208 1.909038 1.812069 4.330702 7.620564 1.045624 39.50888 3.130645
Car 0 1 -1.447155 498 189 532 216 1.632486 1.608983 3.812409 -6.868904 1.832701 47.60164 -1.590465
Car 0 2 1.72318 465 194 509 226 1.430527 1.566407 3.482533 -6.662948 1.869794 36.54396 1.542834
Car 0 2 2.957193 704 175 775 205 1.630828 1.672862 4.318664 7.485483 1.025998 45.69574 3.119562
Car 0 1 1.657585 520 189 546 210 1.530483 1.680223 3.862273 -7.06511 1.794034 58.89087 1.538186
Car 0 1 1.673201 529 190 553 208 1.420148 1.552787 3.85067 -7.046208 1.768656 64.39931 1.56422
Car 0 2 1.637446 536 190 555 206 1.427379 1.478135 3.709917 -7.127378 1.751771 69.271 1.534916
Car 0 1 1.635105 541 189 560 204 1.400546 1.647438 4.024915 -7.267652 1.73331 75.26046 1.538837
Car 0 1 3.0081 680 178 721 197 1.639204 1.585631 3.989951 7.845804 0.8922948 71.36188 3.117604
Car 0 3 2.988776 683 178 712 196 1.719717 1.682953 2.781201 7.808861 0.8829185 73.96242 3.093965
Car 0 2 2.998502 674 179 708 196 1.674444 1.672834 3.425593 7.372463 0.8975391 76.26526 3.094871
Car 0 2 -0.4573279 886 164 955 191 1.736666 1.796667 4.374446 21.6136 0.1944644 52.32955 -0.06564063
Car 0 2 -0.3620903 869 167 936 191 1.55 1.85 4.65 21.60716 0.1802137 55.64244 0.008308141
Car 0 1 -0.3280467 815 171 863 189 1.532222 1.85 4.267781 21.39539 0.1244328 71.01056 -0.03539891
Car 0 2 -0.3086267 807 170 855 189 1.665556 1.85 4.490002 21.39638 0.1121225 73.78788 -0.02639556
Car 0 3 -0.3154579 803 172 853 188 1.532222 1.85 4.943336 21.92971 0.06908703 76.67779 -0.03689576
Car 0 2 -0.3261717 800 172 848 188 1.567778 1.85 4.916665 22.17746 0.04390192 79.19733 -0.05313709
Car 0 2 3.017984 667 180 701 196 1.56902 1.615801 3.690002 6.870501 0.9134711 79.11461 3.104609
Car 0 1 1.677716 548 189 567 202 1.426384 1.614783 4.125178 -7.237133 1.698127 82.84178 1.590576
Car 0 1 -1.635067 629 184 648 199 1.471051 1.596091 3.865517 1.893915 1.204321 77.24369 -1.610553
Car 0 2 -1.615789 628 183 644 198 1.571396 1.572021 4.042688 1.761946 1.187255 82.81024 -1.594516
Car 0 2 1.639254 553 188 568 201 1.481957 1.499868 3.577903 -7.30312 1.676021 88.70129 1.557106
Car 0 2 1.477973 626 184 642 196 1.455476 1.614714 3.60968 1.691782 1.148106 92.58619 1.496244
Car 0 1 1.707534 557 187 574 199 1.484442 1.564952 4.090225 -7.424816 1.642275 97.91615 1.63185
Car 0 2 -1.661036 624 184 639 195 1.462216 1.667148 3.889512 1.431349 1.137413 98.36156 -1.646485
Car 0 1 1.629947 564 187 577 197 1.561269 1.630639 3.624328 -7.833994 1.599459 112.8865 1.560661
Car 0 2 -1.651977 621 184 635 195 1.508927 1.600727 3.541442 1.053715 1.121066 106.9268 -1.642122
Car 0 3 -1.696602 621 184 634 194 1.531034 1.504644 3.336817 1.032095 1.098307 112.3634 -1.687417
Car 0 2 1.611059 567 187 578 197 1.456842 1.426118 3.51561 -7.817335 1.576034 117.9813 1.544897
Car 0 0 -0.4748801 914 156 1005 192 2.059121 2.073281 4.939535 21.47492 0.2304022 45.96922 -0.0378489
Car 0 2 -2.987164 538 185 562 196 1.945312 1.892187 4.609375 -13.90674 1.813258 142.5867 -3.084388
Car 0 0 1.749157 462 195 538 244 1.406945 1.755342 4.396943 -4.063703 1.772319 25.1838 1.589174
