Car 0 0 -1.772107 713 177 871 289 1.546081 1.6639 4.146974 2.707586 1.389766 12.23854 -1.554379
Car 0.8123253 1 -3.909558 1114 128 1241 315 1.909038 1.812069 4.330702 8.260075 1.183218 8.088232 -3.113649
Car 0 0 -1.212235 288 189 423 273 1.632486 1.608983 3.812409 -5.915161 1.732536 16.73797 -1.551934
Car 0.9320087 0 2.405158 0 227 95 374 1.430527 1.566407 3.482533 -6.135313 1.867663 5.681326 1.58136
Car 0 0 -3.654687 921 156 1184 252 1.630828 1.672862 4.318664 8.363406 1.108511 14.27528 -3.124725
Car 0 0 1.776547 438 187 504 232 1.530483 1.680223 3.862273 -5.676343 1.593945 28.0256 1.576709
Car 0 1 1.763758 475 188 527 223 1.420148 1.552787 3.85067 -5.445191 1.521138 33.52879 1.60276
Car 0 1 1.711579 499 187 538 216 1.427379 1.478135 3.709917 -5.338634 1.461173 38.39965 1.573437
Car 0 1 1.695042 516 186 552 211 1.400546 1.647438 4.024915 -5.248096 1.389279 44.38967 1.57736
Car 0 2 -3.365424 759 169 836 202 1.639204 1.585631 3.989951 9.712631 0.756967 39.90641 -3.126681
Car 0 2 2.906823 761 169 814 200 1.719717 1.682953 2.781201 9.775902 0.7246684 42.50626 3.132879
Car 0 3 2.926468 744 170 803 200 1.674444 1.672834 3.425593 9.428305 0.7143168 44.82419 3.133785
Car 0 3 -0.5336915 1005 159 1102 191 1.532222 1.85 4.267781 23.24643 0.149019 39.02834 0.003508165
Car 0 2 -0.4969724 980 158 1073 190 1.665556 1.85 4.490002 23.35444 0.1126959 41.80336 0.01250579
Car 0 3 -0.490584 952 161 1039 188 1.567778 1.85 4.916665 24.34383 0.006726742 47.17799 -0.0142188
Car 0 2 -3.326924 729 172 788 199 1.56902 1.615801 3.690002 9.036219 0.6997901 47.69074 -3.139668
Car 0 1 1.723638 535 184 567 206 1.426384 1.614783 4.125178 -4.925464 1.28887 51.96361 1.629134
Car 0 0 -1.658494 668 178 700 203 1.471051 1.596091 3.865517 3.988365 0.9492056 46.01492 -1.572035
Car 0 2 -1.634745 665 177 692 200 1.571396 1.572021 4.042688 4.070904 0.8824604 51.58205 -1.555987
Car 0 1 1.677876 548 183 573 203 1.481957 1.499868 3.577903 -4.765652 1.215315 57.82089 1.595641
Car 0 2 1.463513 660 178 685 196 1.455476 1.614714 3.60968 4.377439 0.7579372 61.35274 1.534741
Car 0 1 1.737946 559 182 584 199 1.484442 1.564952 4.090225 -4.532265 1.100451 67.03295 1.670436
Car 0 1 -1.67254 656 178 679 195 1.462216 1.667148 3.889512 4.339582 0.6942719 67.13351 -1.607988
Car 0 1 1.65237 573 181 591 195 1.561269 1.630639 3.624328 -4.364546 0.9234039 82.00697 1.599198
Car 0 2 -1.660256 652 178 672 193 1.508927 1.600727 3.541442 4.292046 0.599463 75.70646 -1.603624
Car 0 3 -1.704101 652 177 670 192 1.531034 1.504644 3.336817 4.47991 0.5294274 81.13938 -1.648945
Car 0 2 1.631054 579 181 593 194 1.456842 1.426118 3.51561 -4.151579 0.8561021 87.09692 1.583424
Car 0 2 -2.96271 545 179 576 193 1.945312 1.892187 4.609375 -9.29188 0.8099867 111.919 -3.045544
