Car 0.9399037 1 -2.553894 933 167 1241 374 1.50992 1.85 4.930564 2.874962 1.438966 1.916727 -1.571121
Car 0 0 -1.902782 764 181 1022 338 1.404795 1.612032 3.772344 2.980141 1.372013 8.668476 -1.571649
Car 0 0 -1.697209 715 180 820 262 1.413269 1.567278 3.158158 2.928068 1.32137 14.80099 -1.501902
Car 0 0 1.887864 335 198 442 268 1.527328 1.555003 3.576751 -6.003553 1.897076 19.27999 1.585993
Car 0 0 1.703374 496 191 533 218 1.417371 1.540477 3.504343 -6.067873 1.700994 41.9544 1.559739
Car 0 1 -1.640302 653 178 687 205 1.512623 1.746308 3.775172 3.096635 1.038225 45.50632 -1.572359
Car 0 1 1.707426 512 190 545 214 1.360295 1.513462 4.017023 -5.959867 1.64427 47.52747 1.582679
Car 0 0 1.672503 532 184 561 208 1.73687 1.652467 4.107703 -5.645226 1.549129 55.83504 1.571741
Car 0 2 1.677064 541 185 567 205 1.609242 1.638188 3.998 -5.704944 1.494613 62.46502 1.585986
Car 0 1 1.645828 555 186 576 201 1.431419 1.697305 3.744055 -5.508699 1.385002 73.33113 1.570848
Car 0 0 -1.613646 643 179 658 191 1.546081 1.6639 4.146974 3.941986 0.5433493 94.88226 -1.572124
Car 0 1 -3.242079 679 175 717 190 1.473782 1.69797 4.648869 9.371695 0.2324584 87.7388 -3.135669
Car 0 2 -3.236186 680 172 714 189 1.909038 1.812069 4.330702 9.559742 0.1921616 90.83067 -3.131324
Car 0 1 -1.521873 579 182 593 195 1.632486 1.608983 3.812409 -4.747635 1.103556 99.22862 -1.569682
Car 0 0 1.617687 574 184 589 197 1.430527 1.566407 3.482533 -4.771505 1.202999 88.16943 1.563623
Car 0 3 3.042618 676 175 708 189 1.630828 1.672862 4.318664 9.553276 0.1378846 97.0188 3.14077
Car 0 2 1.601563 583 183 596 194 1.530483 1.680223 3.862273 -4.709213 1.001066 110.5191 1.558979
Car 0 2 1.624413 586 183 598 193 1.420148 1.552787 3.85067 -4.575933 0.9431887 116.0257 1.584994
Car 0 3 1.593376 588 183 598 192 1.427379 1.478135 3.709917 -4.555862 0.8987207 120.8978 1.555711
Car 0 1 1.595642 589 183 600 192 1.400546 1.647438 4.024915 -4.571615 0.8468277 126.8887 1.559629
Car 0 2 3.053859 671 175 694 186 1.639204 1.585631 3.989951 10.44624 -0.1504767 122.6707 3.138811
Car 0 3 3.031822 673 175 690 186 1.719717 1.682953 2.781201 10.46335 -0.1746523 125.2713 3.115154
Car 0 2 3.037255 668 176 688 186 1.674444 1.672834 3.425593 10.07519 -0.1683526 127.5828 3.116061
Car 0 3 3.052092 664 176 685 186 1.56902 1.615801 3.690002 9.632889 -0.1631668 130.4421 3.125806
Car 0 2 1.64392 592 183 603 191 1.426384 1.614783 4.125178 -4.383688 0.7668617 134.4675 1.611332
Car 0 2 -1.625662 641 179 652 188 1.471051 1.596091 3.865517 4.622261 0.1976306 128.6772 -1.589756
Car 0 2 -1.608027 641 179 651 188 1.571396 1.572021 4.042688 4.606018 0.1495121 134.2451 -1.57373
Car 0 2 1.608716 594 182 603 191 1.481957 1.499868 3.577903 -4.327929 0.7112043 140.3269 1.577884
Car 0 2 1.484175 639 179 650 187 1.455476 1.614714 3.60968 4.738934 0.05391407 144.02 1.517068
Car 0 1 1.681045 595 182 605 190 1.484442 1.564952 4.090225 -4.258137 0.6249068 149.5419 1.652578
Car 0 2 -1.656349 638 179 648 187 1.462216 1.667148 3.889512 4.598694 0.0124681 149.7994 -1.62566
Car 0 3 1.607908 597 182 606 189 1.561269 1.630639 3.624328 -4.356033 0.4992242 164.5171 1.581437
Car 0 2 -1.649073 636 179 646 187 1.508927 1.600727 3.541442 4.399296 -0.04959035 158.3705 -1.621301
Car 0 2 1.590639 599 182 606 189 1.456842 1.426118 3.51561 -4.233597 0.4457498 169.6102 1.565684
Car 0 1 -0.2546904 777 164 816 182 2.059121 2.073281 4.939535 23.53484 -0.8251228 96.99554 -0.01665223
Car 0 2 -3.01271 575 181 593 189 1.945312 1.892187 4.609375 -9.806129 0.6109762 194.3383 -3.063126
Car 0 2 -1.166186 285 202 340 229 1.494964 1.698646 4.507233 -20.75271 2.649848 49.057 -1.566389
Car 0 1 -1.216291 326 200 374 226 1.5 1.558375 4.451755 -18.30329 2.479395 49.25016 -1.572112
