Car 0 0 -1.66577 659 183 719 230 1.546081 1.6639 4.146974 2.40645 1.418469 26.19923 -1.574175
Car 0 0 -3.529037 825 174 1021 239 1.473782 1.69797 4.648869 7.858669 1.220653 19.06889 -3.138126
Car 0 1 -3.481841 807 161 965 231 1.909038 1.812069 4.330702 8.040657 1.197509 22.16131 -3.133787
Car 0 0 -1.368047 439 189 498 232 1.632486 1.608983 3.812409 -6.304682 1.769625 30.52439 -1.571729
Car 0 2 1.874859 330 200 432 262 1.430527 1.566407 3.482533 -6.305934 1.824606 19.46486 1.561564
Car 0 1 2.862581 768 173 886 220 1.630828 1.672862 4.318664 8.021501 1.167594 28.34958 3.138323
Car 0 1 1.706202 490 189 531 218 1.530483 1.680223 3.862273 -6.289336 1.712891 41.81524 1.556913
Car 0 1 1.712557 509 190 542 214 1.420148 1.552787 3.85067 -6.167145 1.680313 47.32231 1.582965
Car 0 1 1.67106 521 189 548 211 1.427379 1.478135 3.709917 -6.157028 1.655681 52.19463 1.55364
Car 0 1 1.663465 530 189 556 208 1.400546 1.647438 4.024915 -6.185078 1.627126 58.18563 1.557564
Car 0 0 2.973697 712 177 767 201 1.639204 1.585631 3.989951 8.863213 1.004172 54.00427 3.136367
Car 0 3 2.957222 715 177 754 200 1.719717 1.682953 2.781201 8.875011 0.9907504 56.60503 3.112744
Car 0 2 2.970671 703 178 747 200 1.674444 1.672834 3.425593 8.481554 0.9961054 58.91563 3.11365
Car 0 1 -0.6174364 1031 160 1143 200 1.736666 1.796667 4.374446 22.2814 0.5259721 34.71717 -0.04684886
Car 0 1 -0.5040259 995 165 1101 198 1.55 1.85 4.65 22.33706 0.5071398 38.02957 0.02704793
Car 0 3 2.994071 693 179 737 199 1.56902 1.615801 3.690002 8.032757 1.001108 61.77389 3.12338
Car 0 1 1.700509 542 188 566 205 1.426384 1.614783 4.125178 -6.012406 1.582096 65.765 1.60934
Car 0 1 -1.6421 646 183 669 202 1.471051 1.596091 3.865517 3.018482 1.224431 59.99665 -1.591832
Car 0 2 -1.621367 644 182 664 201 1.571396 1.572021 4.042688 2.990801 1.197961 65.56466 -1.575783
Car 0 2 1.658985 550 187 570 203 1.481957 1.499868 3.577903 -5.968563 1.551118 71.62468 1.575846
Car 0 2 1.473766 641 183 661 198 1.455476 1.614714 3.60968 3.103886 1.144572 75.34014 1.514941
Car 0 1 1.723714 557 186 578 201 1.484442 1.564952 4.090225 -5.917561 1.503167 80.84015 1.650643
Car 0 2 -1.664158 638 183 657 197 1.462216 1.667148 3.889512 2.951595 1.122384 81.11935 -1.627788
Car 0 1 1.642423 567 185 582 198 1.561269 1.630639 3.624328 -6.046282 1.434298 95.81543 1.579403
Car 0 2 -1.6539 635 183 651 196 1.508927 1.600727 3.541442 2.734346 1.08911 89.69014 -1.623423
Car 0 3 -1.698329 635 183 650 195 1.531034 1.504644 3.336817 2.814646 1.058677 95.12607 -1.668749
Car 0 2 1.622367 572 186 584 197 1.456842 1.426118 3.51561 -5.934095 1.404201 100.909 1.563628
Car 0.04937148 0 -0.6793538 1105 147 1241 204 2.059121 2.073281 4.939535 22.0234 0.5685793 28.36059 -0.01907652
Car 0 2 -2.973879 540 184 567 196 1.945312 1.892187 4.609375 -11.56538 1.522341 125.6241 -3.065683
Car 0.7917745 0 2.267836 0 230 283 374 1.406945 1.755342 4.396943 -3.616163 1.786683 3.933691 1.524471
Car 0 0 1.912164 249 206 445 326 1.414443 1.655112 3.354591 -3.898626 1.763884 10.95697 1.57032
