Car 0.6094404 0 2.290832 0 221 161 374 1.417371 1.540477 3.504343 -6.498405 1.863675 7.339376 1.566133
Car 0 0 -1.810324 721 180 909 305 1.512623 1.746308 3.775172 2.701426 1.419673 10.83361 -1.565952
Car 0 0 2.046459 145 207 350 308 1.360295 1.513462 4.017023 -6.354536 1.79954 12.91157 1.589105
Car 0 0 1.853147 360 185 461 252 1.73687 1.652467 4.107703 -5.986219 1.697125 21.21685 1.578151
Car 0 1 1.804757 427 186 496 234 1.609242 1.638188 3.998 -6.003533 1.629168 27.84694 1.592417
Car 0 1 1.724395 490 187 534 217 1.431419 1.697305 3.744055 -5.737373 1.504755 38.71141 1.577257
Car 0 0 -1.629819 655 178 680 198 1.546081 1.6639 4.146974 3.864382 0.8563918 60.20236 -1.565717
Car 0 0 -3.302219 715 175 780 198 1.473782 1.69797 4.648869 9.255743 0.6918161 53.02507 -3.129406
Car 0 2 -3.292144 715 169 772 196 1.909038 1.812069 4.330702 9.463863 0.6505555 56.11565 -3.125067
Car 0 2 -1.488965 555 181 578 201 1.632486 1.608983 3.812409 -4.809294 1.195236 64.60313 -1.563271
Car 0 0 1.661356 540 185 567 206 1.430527 1.566407 3.482533 -4.904075 1.314066 53.54451 1.570022
Car 0 2 -3.287409 706 174 757 195 1.630828 1.672862 4.318664 9.497046 0.5849437 62.30357 -3.136142
Car 0 3 1.627201 566 182 585 198 1.530483 1.680223 3.862273 -4.69846 1.073298 75.89293 1.565371
Car 0 3 1.647014 572 183 589 196 1.420148 1.552787 3.85067 -4.529707 1.00875 81.39848 1.591423
Car 0 2 1.613963 576 182 590 195 1.427379 1.478135 3.709917 -4.47838 0.9559761 86.27032 1.562098
Car 0 2 1.61428 578 182 593 194 1.400546 1.647438 4.024915 -4.455761 0.892876 92.26108 1.566022
Car 0 1 -3.257547 691 175 724 190 1.639204 1.585631 3.989951 10.55564 0.2721943 87.94885 -3.138098
Car 0 3 3.005045 694 174 717 189 1.719717 1.682953 2.781201 10.58944 0.2437416 90.54929 3.121463
Car 0 2 3.012803 687 175 714 189 1.674444 1.672834 3.425593 10.21556 0.2363293 92.86314 3.122369
Car 0 3 -0.3724394 847 166 898 186 1.736666 1.796667 4.374446 23.80936 -0.1141589 68.54631 -0.03812996
Car 0 2 -0.2852351 837 169 888 186 1.55 1.85 4.65 23.89302 -0.1521944 71.85796 0.03576838
Car 0 0 -0.2774711 802 171 840 185 1.532222 1.85 4.267781 24.09925 -0.3206264 87.22533 -0.007908463
Car 0 2 -0.2613324 796 170 835 184 1.665556 1.85 4.490002 24.1758 -0.3527955 90.00144 0.001088733
Car 0 3 -0.2702186 794 171 835 184 1.532222 1.85 4.943336 24.78787 -0.4097161 92.87547 -0.009404286
Car 0 3 -0.2829814 792 171 832 184 1.567778 1.85 4.916665 25.10423 -0.4497733 95.38712 -0.02563463
Car 0 2 3.030172 681 176 709 189 1.56902 1.615801 3.690002 9.790977 0.2254834 95.72507 3.1321
Car 0 2 1.660031 582 182 598 193 1.426384 1.614783 4.125178 -4.219007 0.8038396 99.83833 1.617797
Car 0 1 -1.633996 650 179 665 191 1.471051 1.596091 3.865517 4.76218 0.4663522 93.9917 -1.583373
Car 0 2 -1.615315 649 178 662 190 1.571396 1.572021 4.042688 4.781593 0.4077784 99.5595 -1.567325
Car 0 2 1.623316 586 181 599 192 1.481957 1.499868 3.577903 -4.125612 0.73897 105.6972 1.584303
Car 0 2 1.477908 647 179 661 189 1.455476 1.614714 3.60968 4.977348 0.297792 109.3332 1.523401
Car 0 1 1.693867 589 181 602 191 1.484442 1.564952 4.090225 -3.996668 0.6377442 114.9114 1.659101
Car 0 1 -1.661644 645 179 658 188 1.462216 1.667148 3.889512 4.873943 0.242462 115.1133 -1.619328
Car 0 2 1.618637 593 180 604 190 1.561269 1.630639 3.624328 -3.998734 0.4826096 129.8866 1.587861
Car 0 2 -1.653181 643 179 654 188 1.508927 1.600727 3.541442 4.72921 0.1600243 123.6853 -1.614963
Car 0 3 -1.697873 642 178 654 187 1.531034 1.504644 3.336817 4.855465 0.09809327 129.1201 -1.660287
Car 0 2 1.600553 596 181 605 189 1.456842 1.426118 3.51561 -3.843479 0.4229454 134.9788 1.572086
Car 0 2 -0.371598 863 161 927 187 2.059121 2.073281 4.939535 23.49762 -0.03448021 62.1925 -0.01035668
Car 0 2 -2.999027 568 179 589 189 1.945312 1.892187 4.609375 -9.265163 0.406588 159.741 -3.056963
Car 0 0 1.654054 559 184 590 206 1.406945 1.755342 4.396943 -3.209781 1.262856 51.23981 1.591493
