Car 0.9686659 1 2.416091 0 221 62 374 1.609242 1.638188 3.998 -7.061844 2.02388 6.190707 1.565054
Car 0 1 1.943959 240 205 380 282 1.431419 1.697305 3.744055 -7.09306 1.943864 17.05881 1.549906
Car 0 0 -1.642247 637 181 676 212 1.546081 1.6639 4.146974 1.91001 1.247692 38.80588 -1.593067
Car 0 0 2.894826 737 173 848 212 1.473782 1.69797 4.648869 7.49142 0.9705822 31.77889 3.126335
Car 0 2 2.915701 732 164 827 209 1.909038 1.812069 4.330702 7.614794 0.9399724 34.87414 3.130677
Car 0 1 -1.431985 484 188 523 218 1.632486 1.608983 3.812409 -6.87401 1.735761 42.96724 -1.590623
Car 0 3 1.748626 441 194 494 231 1.430527 1.566407 3.482533 -6.666308 1.806768 31.90976 1.542677
Car 0 2 2.93943 713 172 793 205 1.630828 1.672862 4.318664 7.478741 0.9014173 41.06089 3.119593
Car 0 1 1.667644 511 188 540 210 1.530483 1.680223 3.862273 -7.071999 1.662437 54.25628 1.53803
Car 0 1 1.681546 522 189 547 208 1.420148 1.552787 3.85067 -7.05398 1.619881 59.7646 1.564061
Car 0 2 1.644716 530 188 551 205 1.427379 1.478135 3.709917 -7.135923 1.588033 64.63621 1.53476
Car 0 1 1.641356 535 188 556 204 1.400546 1.647438 4.024915 -7.277142 1.551269 70.62556 1.53868
Car 0 0 3.000752 684 175 728 195 1.639204 1.585631 3.989951 7.834898 0.6870365 66.72655 3.117635
Car 0 2 2.981988 687 175 718 194 1.719717 1.682953 2.781201 7.797544 0.6696577 69.32703 3.093992
Car 0 2 2.992496 677 176 713 194 1.674444 1.672834 3.425593 7.360828 0.6781356 71.62984 3.094899
Car 0 2 -0.4909345 911 159 988 189 1.736666 1.796667 4.374446 21.60388 0.0162096 47.6941 -0.06561551
Car 0 2 -0.3921813 891 163 965 188 1.55 1.85 4.65 21.5969 -0.00833106 51.00693 0.008342812
Car 0 0 -0.3470224 829 167 880 187 1.532222 1.85 4.267781 21.38269 -0.1114194 66.37477 -0.03536953
Car 0 2 -0.3262597 819 167 871 186 1.665556 1.85 4.490002 21.38325 -0.1323714 69.15204 -0.02636511
Car 0 3 -0.3321835 815 168 868 186 1.532222 1.85 4.943336 21.91603 -0.185643 72.04188 -0.03686661
Car 0 3 -0.3420419 811 168 862 186 1.567778 1.85 4.916665 22.16335 -0.2192447 74.56136 -0.05311015
Car 0 2 3.012811 669 177 706 194 1.56902 1.615801 3.690002 6.858479 0.6863785 74.47917 3.104638
Car 0 1 1.682825 543 187 563 201 1.426384 1.614783 4.125178 -7.247841 1.492433 78.20674 1.590414
Car 0 1 -1.636635 630 182 649 197 1.471051 1.596091 3.865517 1.882866 0.9946861 72.60844 -1.610709
Car 0 2 -1.617055 628 181 646 196 1.571396 1.572021 4.042688 1.750021 0.9606137 78.1749 -1.594673
Car 0 2 1.64374 549 186 566 200 1.481957 1.499868 3.577903 -7.314753 1.452255 84.06615 1.556947
Car 0 2 1.477013 626 182 643 194 1.455476 1.614714 3.60968 1.678301 0.8912209 87.95067 1.496093
Car 0 1 1.711252 554 186 571 198 1.484442 1.564952 4.090225 -7.437914 1.39013 93.28085 1.631683
Car 0 2 -1.661752 624 182 640 194 1.462216 1.667148 3.889512 1.416971 0.8631725 93.72595 -1.646635
Car 0 2 1.632887 561 185 575 196 1.561269 1.630639 3.624328 -7.849447 1.301706 108.2509 1.560502
Car 0 2 -1.652421 621 181 635 193 1.508927 1.600727 3.541442 1.03801 0.8210663 102.2911 -1.642273
Car 0 3 -1.696987 621 181 634 192 1.531034 1.504644 3.336817 1.015522 0.7814472 107.7275 -1.687561
Car 0 2 1.613742 565 185 576 195 1.456842 1.426118 3.51561 -7.833597 1.262395 113.3456 1.544739
Car 0 1 -0.5168173 946 149 1049 190 2.059121 2.073281 4.939535 21.46623 0.07225561 41.33389 -0.03781977
Car 0 2 -2.98374 535 183 560 195 1.945312 1.892187 4.609375 -13.92612 1.437324 137.9507 -3.084349
Car 0 0 1.787452 405 197 515 265 1.406945 1.755342 4.396943 -4.000131 1.747079 18.90354 1.578921
Car 0 1 1.720457 479 192 538 234 1.414443 1.655112 3.354591 -4.301878 1.693444 28.39308 1.570089
