Car 0 0 1.978055 203 201 384 303 1.530483 1.680223 3.862273 -6.011344 1.881495 13.89491 1.569741
Car 0 1 1.887172 343 199 451 264 1.420148 1.552787 3.85067 -5.818666 1.824951 19.39977 1.595775
Car 0 1 1.798934 409 196 482 246 1.427379 1.478135 3.709917 -5.746104 1.780511 24.27143 1.56647
Car 0 1 1.756479 452 193 512 232 1.400546 1.647438 4.024915 -5.697342 1.728176 30.26213 1.570391
Car 0 0 -3.478134 820 163 944 216 1.639204 1.585631 3.989951 9.285362 0.9078379 25.88396 -3.133703
Car 0 2 2.809292 817 164 900 212 1.719717 1.682953 2.781201 9.330482 0.8837522 28.48427 3.125843
Car 0 1 2.843443 787 166 877 210 1.674444 1.672834 3.425593 8.966955 0.8853839 30.79978 3.126749
Car 0.819455 2 -0.7412887 1198 149 1241 194 1.532222 1.85 4.267781 22.8169 0.1407268 25.10098 -0.003520878
Car 0.2633705 1 -0.6823332 1142 145 1241 193 1.665556 1.85 4.490002 22.90552 0.1127028 27.87678 0.005482445
Car 0 1 -0.6582021 1104 149 1241 191 1.532222 1.85 4.943336 23.52974 0.05326879 30.74813 -0.005017625
Car 0 2 -0.6435133 1076 150 1208 190 1.567778 1.85 4.916665 23.85686 0.0138061 33.25841 -0.02125881
Car 0 1 2.887619 763 170 848 208 1.56902 1.615801 3.690002 8.555145 0.8852409 33.6636 3.136487
Car 0 1 1.764604 491 190 539 221 1.426384 1.614783 4.125178 -5.427664 1.650098 37.83839 1.622132
Car 0 0 -1.688786 677 180 726 217 1.471051 1.596091 3.865517 3.522089 1.18713 31.9523 -1.578999
Car 0 1 -1.657714 670 178 710 211 1.571396 1.572021 4.042688 3.565801 1.138582 37.52006 -1.562961
Car 0 1 1.709558 514 188 549 215 1.481957 1.499868 3.577903 -5.30875 1.594847 43.69686 1.58866
Car 0 2 1.447534 663 180 696 204 1.455476 1.614714 3.60968 3.804091 1.044131 47.29298 1.527798
Car 0 1 1.760244 533 186 566 209 1.484442 1.564952 4.090225 -5.139675 1.508976 52.91064 1.663409
Car 0 1 -1.68502 657 180 687 202 1.462216 1.667148 3.889512 3.72599 1.000787 53.07355 -1.61493
Car 0 1 1.666854 555 184 577 202 1.561269 1.630639 3.624328 -5.076353 1.381501 67.88596 1.592215
Car 0 2 -1.669203 651 180 676 199 1.508927 1.600727 3.541442 3.618769 0.9360145 61.64622 -1.610568
Car 0 2 -1.711984 650 179 673 197 1.531034 1.504644 3.336817 3.768679 0.8824992 67.08051 -1.655861
Car 0 2 1.64348 563 185 581 201 1.456842 1.426118 3.51561 -4.898969 1.32925 72.97745 1.576451
Car 0 2 -2.948466 527 182 562 198 1.945312 1.892187 4.609375 -10.20898 1.42782 97.76365 -3.052514
