Car 0.7197622 0 -2.32168 866 167 1241 374 1.50992 1.85 4.930564 2.883669 1.433195 3.093265 -1.571335
Car 0 0 -1.866472 749 183 964 317 1.404795 1.612032 3.772344 2.987399 1.380792 9.845165 -1.571863
Car 0 0 -1.683728 709 182 804 257 1.413269 1.567278 3.158158 2.934014 1.343438 15.97776 -1.50212
Car 0 0 1.871041 353 199 452 264 1.527328 1.555003 3.576751 -5.998259 1.933291 20.45363 1.585778
Car 0 0 1.699291 500 192 535 219 1.417371 1.540477 3.504343 -6.067434 1.78628 43.12839 1.559526
Car 0 1 -1.638794 652 180 686 206 1.512623 1.746308 3.775172 3.096 1.126617 46.68367 -1.572573
Car 0 1 1.704249 515 191 547 215 1.360295 1.513462 4.017023 -5.960624 1.741555 48.70161 1.582464
Car 0 0 1.670271 534 185 562 209 1.73687 1.652467 4.107703 -5.64777 1.664224 57.00943 1.571526
Car 0 2 1.675239 542 186 568 206 1.609242 1.638188 3.998 -5.708908 1.624077 63.6395 1.585771
Car 0 1 1.64452 556 187 577 203 1.431419 1.697305 3.744055 -5.514998 1.537868 74.50587 1.570634
Car 0 0 -1.613235 643 180 658 193 1.546081 1.6639 4.146974 3.930746 0.7381051 96.06076 -1.572338
Car 0 1 -3.240927 678 177 716 191 1.473782 1.69797 4.648869 9.361794 0.4090533 88.91913 -3.136029
Car 0 2 -3.235096 679 174 713 191 1.909038 1.812069 4.330702 9.549179 0.3753493 92.01113 -3.131684
Car 0 1 -1.522528 579 184 593 197 1.632486 1.608983 3.812409 -4.759502 1.312052 100.4041 -1.569896
Car 0 0 1.61687 574 186 589 199 1.430527 1.566407 3.482533 -4.781008 1.387588 89.34467 1.563409
Car 0 3 3.043551 675 176 707 190 1.630828 1.672862 4.318664 9.541382 0.3344591 98.19936 3.14041
Car 0 2 1.601029 584 184 596 195 1.530483 1.680223 3.862273 -4.723509 1.23396 111.6947 1.558765
Car 0 2 1.623934 586 185 598 194 1.420148 1.552787 3.85067 -4.591408 1.187926 117.2015 1.584779
Car 0 2 1.592935 588 185 599 194 1.427379 1.478135 3.709917 -4.572372 1.153985 122.0737 1.555497
Car 0 2 1.595236 589 185 600 193 1.400546 1.647438 4.024915 -4.589413 1.115056 128.0647 1.559415
Car 0 2 3.054446 670 177 693 188 1.639204 1.585631 3.989951 10.42883 0.1011295 123.852 3.138451
Car 0 3 3.032377 672 177 689 188 1.719717 1.682953 2.781201 10.44537 0.0825696 126.4527 3.114793
Car 0 3 3.037756 668 177 687 188 1.674444 1.672834 3.425593 10.05674 0.09406257 128.7641 3.1157
Car 0 3 -0.2686061 770 169 802 183 1.736666 1.796667 4.374446 23.79173 -0.69682 104.5371 -0.04482657
Car 0 3 3.052534 664 178 684 188 1.56902 1.615801 3.690002 9.613831 0.105653 131.6232 3.125445
Car 0 2 1.643565 592 184 603 193 1.426384 1.614783 4.125178 -4.403111 1.051387 135.6436 1.611115
Car 0 2 -1.625407 641 181 652 190 1.471051 1.596091 3.865517 4.603771 0.4651356 129.8565 -1.589969
Car 0 2 -1.607797 640 180 650 189 1.571396 1.572021 4.042688 4.586323 0.4290669 135.4245 -1.573944
Car 0 2 1.608392 594 184 603 192 1.481957 1.499868 3.577903 -4.34861 1.008374 141.5031 1.57767
Car 0 3 1.48438 639 181 649 189 1.455476 1.614714 3.60968 4.717144 0.3545434 145.1996 1.516856
Car 0 1 1.680754 595 184 605 191 1.484442 1.564952 4.090225 -4.2808 0.9419715 150.7184 1.652359
Car 0 2 -1.656169 638 181 648 188 1.462216 1.667148 3.889512 4.575665 0.3256664 150.9791 -1.625872
Car 0 3 1.607662 597 183 606 191 1.561269 1.630639 3.624328 -4.381905 0.8487246 165.6937 1.581222
Car 0 2 -1.648924 636 181 645 188 1.508927 1.600727 3.541442 4.374447 0.2822447 159.5502 -1.621513
Car 0 3 -1.693825 636 181 645 188 1.531034 1.504644 3.336817 4.464584 0.2395971 164.9859 -1.666771
Car 0 2 1.590412 599 184 606 190 1.456842 1.426118 3.51561 -4.260563 0.8062041 170.787 1.56547
Car 0 1 -0.2521631 775 166 814 183 2.059121 2.073281 4.939535 23.52247 -0.6355813 98.18112 -0.01701298
Car 0 3 -3.013204 576 183 593 191 1.945312 1.892187 4.609375 -9.838188 1.027694 195.5135 -3.063481
Car 0 1 -1.22409 333 201 379 226 1.5 1.558375 4.451755 -18.30399 2.58657 50.41988 -1.572326
