Car 0 0 1.808977 397 200 471 250 1.417371 1.540477 3.504343 -6.18925 1.950789 24.53679 1.561888
Car 0 1 -1.676067 669 180 728 224 1.512623 1.746308 3.775172 2.982648 1.296626 28.07119 -1.570211
Car 0 1 1.783732 442 198 502 237 1.360295 1.513462 4.017023 -6.069279 1.912543 30.10979 1.584826
Car 0 0 1.722123 488 188 533 225 1.73687 1.652467 4.107703 -5.736802 1.844893 38.41694 1.573888
Car 0 1 1.715796 507 189 545 218 1.609242 1.638188 3.998 -5.782285 1.812426 45.04716 1.588133
Car 0 1 1.672157 533 190 562 211 1.431419 1.697305 3.744055 -5.562699 1.738849 55.91314 1.572995
Car 0 0 -1.620729 648 181 667 196 1.546081 1.6639 4.146974 3.934023 0.965503 77.44658 -1.569976
Car 0 1 -3.265963 693 176 741 195 1.473782 1.69797 4.648869 9.348246 0.6289858 70.29253 -3.133748
Car 0 2 -3.258718 693 172 737 194 1.909038 1.812069 4.330702 9.542934 0.5988955 73.38411 -3.129403
Car 0 1 -1.509586 569 185 587 201 1.632486 1.608983 3.812409 -4.746033 1.543179 81.80972 -1.567534
Car 0 0 1.633422 561 188 581 204 1.430527 1.566407 3.482533 -4.793666 1.605887 70.75034 1.565771
Car 0 3 -3.259936 688 176 728 193 1.630828 1.672862 4.318664 9.549751 0.5651805 79.57239 -3.140494
Car 0 2 1.611389 576 186 592 199 1.530483 1.680223 3.862273 -4.683365 1.478187 93.10036 1.561127
Car 0 2 1.633132 580 186 594 198 1.420148 1.552787 3.85067 -4.538263 1.438559 98.60683 1.587141
Car 0 2 1.601393 583 186 595 197 1.427379 1.478135 3.709917 -4.507723 1.410271 103.479 1.557859
Car 0 2 1.602957 584 186 597 196 1.400546 1.647438 4.024915 -4.510612 1.378288 109.4701 1.561777
Car 0 1 3.041294 679 177 707 190 1.639204 1.585631 3.989951 10.49779 0.3617342 105.2231 3.140732
Car 0 3 3.019811 682 177 701 189 1.719717 1.682953 2.781201 10.52047 0.3461926 107.8238 3.117074
Car 0 2 3.026196 676 177 699 190 1.674444 1.672834 3.425593 10.13729 0.3603075 110.136 3.117981
Car 0 2 -0.2381376 772 171 803 184 1.532222 1.85 4.267781 24.02523 -0.5715039 104.5585 -0.01228024
Car 0 3 -0.2240478 767 170 800 183 1.665556 1.85 4.490002 24.08987 -0.5908949 107.3351 -0.003270105
Car 0 3 -0.2341529 766 171 800 183 1.532222 1.85 4.943336 24.68885 -0.6478298 110.2118 -0.01377837
Car 0 3 -0.2482285 765 171 798 183 1.567778 1.85 4.916665 24.99408 -0.6824677 112.7249 -0.03003228
Car 0 2 3.042082 671 178 695 190 1.56902 1.615801 3.690002 9.701153 0.3751471 112.9962 3.127726
Car 0 1 1.650252 588 186 600 195 1.426384 1.614783 4.125178 -4.306414 1.323436 117.0486 1.613477
Car 0 1 -1.629715 645 181 658 192 1.471051 1.596091 3.865517 4.686863 0.7318275 111.2409 -1.587607
Car 0 2 -1.611648 644 181 656 191 1.571396 1.572021 4.042688 4.682587 0.7022135 116.809 -1.571582
Car 0 2 1.6145 590 185 601 195 1.481957 1.499868 3.577903 -4.238068 1.287226 122.908 1.580032
Car 0 2 1.481028 643 182 654 191 1.455476 1.614714 3.60968 4.836494 0.6390455 126.5838 1.519217
Car 0 1 1.686109 592 185 604 194 1.484442 1.564952 4.090225 -4.148489 1.231521 132.1232 1.654721
Car 0 1 -1.659069 641 182 652 190 1.462216 1.667148 3.889512 4.708664 0.6168497 132.3636 -1.62351
Car 0 3 1.612225 595 184 605 193 1.561269 1.630639 3.624328 -4.214233 1.155626 147.0988 1.583584
Car 0 2 -1.651267 639 182 649 190 1.508927 1.600727 3.541442 4.527672 0.5833375 140.9352 -1.619152
Car 0 3 -1.696036 639 181 649 190 1.531034 1.504644 3.336817 4.630646 0.5470076 146.3708 -1.66441
Car 0 2 1.594639 597 185 605 192 1.456842 1.426118 3.51561 -4.080845 1.11903 152.1918 1.567832
Car 0 2 -3.006994 572 184 591 193 1.945312 1.892187 4.609375 -9.600132 1.368356 176.9312 -3.0612
Car 0 0 0.9277313 1045 134 1148 183 2.29979 2.017562 4.728489 24.68753 -0.2584634 37.74648 1.506938
Car 0.06825799 1 -0.8930692 0 225 89 265 1.429688 1.8 3.960938 -25.95652 3.27835 32.2379 -1.570946
Car 0 1 -0.9415851 38 222 139 262 1.399088 1.6037 3.967162 -23.51168 3.10881 32.28055 -1.571088
Car 0 1 -0.9817992 85 216 192 260 1.494964 1.698646 4.507233 -20.85845 2.92836 31.66776 -1.564242
Car 0 1 -1.045978 150 213 245 255 1.5 1.558375 4.451755 -18.40868 2.757695 31.85622 -1.569965
