Car 0 0 -1.818084 732 177 944 322 1.546081 1.6639 4.146974 2.690926 1.422109 9.842909 -1.551218
Car 0 0 -1.158096 226 191 394 291 1.632486 1.608983 3.812409 -5.917996 1.755228 14.36945 -1.548772
Car 0.08015984 1 -3.735137 978 154 1241 268 1.630828 1.672862 4.318664 8.353444 1.147299 11.86184 -3.121579
Car 0 0 1.796387 420 188 495 237 1.530483 1.680223 3.862273 -5.643488 1.617166 25.65628 1.57987
Car 0 1 1.777366 465 189 521 226 1.420148 1.552787 3.85067 -5.39493 1.544747 31.15871 1.605923
Car 0 1 1.721919 492 187 535 219 1.427379 1.478135 3.709917 -5.272977 1.485014 36.02922 1.576598
Car 0 1 1.702793 511 186 550 213 1.400546 1.647438 4.024915 -5.163501 1.41336 42.01892 1.580521
Car 0 2 -3.37882 770 169 851 204 1.639204 1.585631 3.989951 9.783747 0.7978699 37.4886 -3.123535
Car 0 3 2.894969 771 169 827 202 1.719717 1.682953 2.781201 9.855234 0.7657026 40.08823 3.136027
Car 0 2 2.916217 752 170 815 201 1.674444 1.672834 3.425593 9.514948 0.755011 42.40725 3.136933
Car 0 1 -0.5609472 1032 159 1137 193 1.532222 1.85 4.267781 23.31539 0.2052119 36.56794 0.006655044
Car 0 1 -0.5215207 1003 157 1104 192 1.665556 1.85 4.490002 23.43218 0.1690747 39.3426 0.01565211
Car 0 2 -0.513404 986 160 1085 190 1.532222 1.85 4.943336 24.08586 0.1080117 42.20736 0.005159136
Car 0 2 -0.5112634 971 161 1064 189 1.567778 1.85 4.916665 24.43859 0.06434846 44.71409 -0.01107102
Car 0 1 -3.33555 736 172 798 200 1.56902 1.615801 3.690002 9.131907 0.7401065 45.27502 -3.136522
Car 0 1 1.729125 532 184 567 207 1.426384 1.614783 4.125178 -4.816911 1.313491 49.59181 1.632298
Car 0 0 -1.662115 672 178 706 205 1.471051 1.596091 3.865517 4.078526 0.9837731 43.6151 -1.568874
Car 0 2 -1.637585 668 177 697 201 1.571396 1.572021 4.042688 4.178665 0.9172491 49.18194 -1.552825
Car 0 1 1.682264 546 183 573 204 1.481957 1.499868 3.577903 -4.638587 1.240251 55.44856 1.598803
Car 0 2 1.461442 664 178 689 197 1.455476 1.614714 3.60968 4.516096 0.7932971 58.95161 1.5379
Car 0 1 1.741177 558 182 584 200 1.484442 1.564952 4.090225 -4.376064 1.125862 64.65984 1.673602
Car 0 1 -1.674181 659 178 683 196 1.462216 1.667148 3.889512 4.496511 0.7297217 64.73249 -1.60483
Car 0 1 1.654565 573 181 592 196 1.561269 1.630639 3.624328 -4.161009 0.9493486 79.63326 1.60236
Car 0 2 -1.661449 655 178 675 193 1.508927 1.600727 3.541442 4.476065 0.6350558 73.30553 -1.600465
Car 0 3 -1.70517 655 178 673 192 1.531034 1.504644 3.336817 4.681114 0.5653577 78.73784 -1.645788
Car 0 2 1.632962 579 181 594 195 1.456842 1.426118 3.51561 -3.931946 0.8824046 84.72251 1.586585
Car 0 2 -2.960493 545 179 577 193 1.945312 1.892187 4.609375 -8.99402 0.8310443 109.5607 -3.042401
