Car 0.461148 0 -2.130062 828 171 1241 374 1.546081 1.6639 4.146974 2.590157 1.471758 3.9603 -1.550859
Car 0.1584894 0 -0.9321236 0 200 258 374 1.632486 1.608983 3.812409 -6.014368 1.857898 8.490993 -1.548414
Car 0 0 1.862506 350 191 458 258 1.530483 1.680223 3.862273 -5.735828 1.707338 19.77756 1.580233
Car 0 1 1.81995 423 191 497 239 1.420148 1.552787 3.85067 -5.485342 1.628062 25.27981 1.606277
Car 0 1 1.752952 462 189 517 228 1.427379 1.478135 3.709917 -5.361648 1.562913 30.1502 1.576961
Car 0 1 1.725144 490 187 538 219 1.400546 1.647438 4.024915 -5.250024 1.484867 36.13979 1.580883
Car 0 0 -3.420588 794 165 893 207 1.639204 1.585631 3.989951 9.690804 0.7741701 31.60223 -3.123042
Car 0 2 2.858449 794 165 862 204 1.719717 1.682953 2.781201 9.763216 0.7390692 34.2018 3.136513
Car 0 1 2.884887 771 167 845 203 1.674444 1.672834 3.425593 9.423883 0.7284501 36.52095 3.137419
Car 0 1 -0.6407558 1106 150 1236 192 1.532222 1.85 4.267781 23.21779 0.09231484 30.67498 0.007144541
Car 0 2 -0.592992 1067 149 1189 190 1.665556 1.85 4.490002 23.33556 0.05277705 33.44955 0.0161445
Car 0 2 -0.5781629 1041 153 1161 189 1.532222 1.85 4.943336 23.99007 -0.01534545 36.31396 0.005648392
Car 0 2 -0.5706815 1021 154 1131 188 1.567778 1.85 4.916665 24.34361 -0.06372654 38.8205 -0.01058692
Car 0 1 -3.361681 751 170 824 202 1.56902 1.615801 3.690002 9.042013 0.7133839 39.38888 -3.136033
Car 0 1 1.744292 518 185 558 212 1.426384 1.614783 4.125178 -4.900781 1.375531 43.71241 1.632644
Car 0 0 -1.673856 678 177 718 208 1.471051 1.596091 3.865517 3.989635 0.9922553 37.73143 -1.56851
Car 0 2 -1.646688 673 175 706 204 1.571396 1.572021 4.042688 4.091775 0.9198017 43.29817 -1.552466
Car 0 1 1.694101 536 183 566 207 1.481957 1.499868 3.577903 -4.720373 1.295567 49.56902 1.599159
Car 0 2 1.454939 667 177 696 198 1.455476 1.614714 3.60968 4.432667 0.7843668 53.06757 1.538275
Car 0 1 1.749576 551 182 580 202 1.484442 1.564952 4.090225 -4.454581 1.170722 58.78007 1.673937
Car 0 1 -1.67934 662 177 689 196 1.462216 1.667148 3.889512 4.41519 0.7154562 58.84839 -1.604454
Car 0 1 1.660062 569 181 589 197 1.561269 1.630639 3.624328 -4.234132 0.9786202 73.75322 1.602716
Car 0 2 -1.665228 657 177 679 194 1.508927 1.600727 3.541442 4.397886 0.612821 67.42135 -1.600091
Car 0 3 -1.708522 656 176 677 193 1.531034 1.504644 3.336817 4.604849 0.5366219 72.8535 -1.645399
Car 0 2 1.637678 576 181 592 196 1.456842 1.426118 3.51561 -4.003279 0.9053398 78.8423 1.586945
Car 0 3 -3.216029 706 174 730 185 1.382211 1.434529 3.400866 13.78 -0.2967118 102.935 -3.082949
Car 0 3 -2.697261 344 192 375 203 1.496754 1.620751 4.107733 -37.95334 2.32305 105.4843 -3.04264
Car 0 2 -2.954775 541 178 574 193 1.945312 1.892187 4.609375 -9.054676 0.8641897 103.6827 -3.041885
