Car 0.7551657 0 -2.28694 872 169 1241 374 1.546081 1.6639 4.146974 2.565514 1.480669 2.839481 -1.552186
Car 0.473489 0 -0.8621475 0 204 210 374 1.632486 1.608983 3.812409 -6.043936 1.887515 7.35899 -1.549742
Car 0 0 1.879519 330 193 447 264 1.530483 1.680223 3.862273 -5.78039 1.736999 18.64592 1.578906
Car 0 1 1.83035 411 192 490 242 1.420148 1.552787 3.85067 -5.537228 1.657473 24.14849 1.604947
Car 0 1 1.760281 454 190 511 230 1.427379 1.478135 3.709917 -5.420002 1.592335 29.01904 1.575635
Car 0 1 1.730262 484 188 534 221 1.400546 1.647438 4.024915 -5.316328 1.514399 35.00877 1.579557
Car 0 0 -3.430219 799 164 902 208 1.639204 1.585631 3.989951 9.628641 0.7679565 30.49064 -3.124339
Car 0 2 2.85013 798 164 869 205 1.719717 1.682953 2.781201 9.697601 0.7328462 33.0903 3.135212
Car 0 1 2.877816 774 166 851 204 1.674444 1.672834 3.425593 9.355238 0.7231774 35.40901 3.136119
Car 0.02563459 0 -0.658302 1121 148 1241 191 1.532222 1.85 4.267781 23.15516 0.05393732 29.58097 0.005845592
Car 0 1 -0.6086295 1080 147 1207 190 1.665556 1.85 4.490002 23.26924 0.01429343 32.3557 0.01484655
Car 0 2 -0.5922375 1052 151 1176 188 1.532222 1.85 4.943336 23.91987 -0.05520356 35.22095 0.004349148
Car 0 2 -0.5835325 1031 152 1145 187 1.567778 1.85 4.916665 24.27005 -0.1042669 37.72795 -0.01188815
Car 0 1 -3.367516 754 169 828 202 1.56902 1.615801 3.690002 8.96961 0.7091969 38.27644 -3.137332
Car 0 1 1.747668 514 185 555 213 1.426384 1.614783 4.125178 -4.977166 1.404707 42.58186 1.631311
Car 0 0 -1.676498 678 177 720 209 1.471051 1.596091 3.865517 3.920065 0.9999565 36.61243 -1.569835
Car 0 1 -1.648692 673 175 707 204 1.571396 1.572021 4.042688 4.014812 0.9276085 42.1793 -1.553793
Car 0 1 1.696695 533 184 563 208 1.481957 1.499868 3.577903 -4.80454 1.324681 48.43869 1.597831
Car 0 2 1.453552 667 177 696 199 1.455476 1.614714 3.60968 4.342716 0.7919755 51.94914 1.536954
Car 0 1 1.751377 548 182 578 203 1.484442 1.564952 4.090225 -4.55099 1.199781 57.65009 1.672599
Car 0 1 -1.680426 661 177 689 197 1.462216 1.667148 3.889512 4.317585 0.7234679 57.72994 -1.605775
Car 0 1 1.661219 567 181 587 197 1.561269 1.630639 3.624328 -4.350408 1.008093 72.62353 1.601387
Car 0 2 -1.666009 657 177 679 194 1.508927 1.600727 3.541442 4.288919 0.6214098 66.30288 -1.601412
Car 0 3 -1.709206 656 176 677 193 1.531034 1.504644 3.336817 4.488657 0.5450592 71.73529 -1.646715
Car 0 2 1.638665 574 181 590 196 1.456842 1.426118 3.51561 -4.126331 0.9345829 77.71291 1.585618
Car 0 3 -3.217233 706 174 730 185 1.382211 1.434529 3.400866 13.6228 -0.3081708 101.8288 -3.084241
Car 0 3 -2.693666 340 192 372 204 1.496754 1.620751 4.107733 -38.10745 2.434539 104.3108 -3.043928
Car 0 2 -2.9536 539 179 572 194 1.945312 1.892187 4.609375 -9.210014 0.9069753 102.5467 -3.043172
