Car 0.9962815 1 2.467937 0 236 48 374 1.527328 1.555003 3.576751 -6.128079 2.027607 5.06061 1.58742
Car 0 0 1.779725 425 195 488 238 1.417371 1.540477 3.504343 -6.160016 1.789419 27.73468 1.561168
Car 0 1 -1.666856 665 176 717 216 1.512623 1.746308 3.775172 3.00905 1.112766 31.2722 -1.57093
Car 0 1 1.763616 461 193 513 228 1.360295 1.513462 4.017023 -6.044056 1.722247 33.30749 1.584107
Car 0 0 1.709708 499 184 540 217 1.73687 1.652467 4.107703 -5.717569 1.61141 41.61441 1.573169
Car 0 1 1.706403 515 185 550 212 1.609242 1.638188 3.998 -5.767819 1.544615 48.24434 1.587414
Car 0 1 1.665996 538 186 565 205 1.431419 1.697305 3.744055 -5.556059 1.414645 59.10994 1.572276
Car 0 0 -1.619326 647 177 665 192 1.546081 1.6639 4.146974 3.924864 0.5254152 80.64588 -1.570696
Car 0 1 -3.260566 690 173 736 190 1.473782 1.69797 4.648869 9.34407 0.2234927 73.49405 -3.134104
Car 0 2 -3.253643 690 169 732 190 1.909038 1.812069 4.330702 9.536518 0.1772976 76.58558 -3.129759
Car 0 1 -1.512339 571 182 588 197 1.632486 1.608983 3.812409 -4.75806 1.084444 85.00574 -1.568254
Car 0 0 1.629841 564 184 583 199 1.430527 1.566407 3.482533 -4.797722 1.204468 73.9468 1.565051
Car 0 3 -3.255585 685 172 723 189 1.630828 1.672862 4.318664 9.538889 0.1115208 82.77359 -3.14085
Car 0 2 1.609213 578 182 593 194 1.530483 1.680223 3.862273 -4.70351 0.9609313 96.29594 1.560407
Car 0 2 1.631208 581 182 595 194 1.420148 1.552787 3.85067 -4.562378 0.8927099 101.8022 1.586422
Car 0 2 1.59963 584 182 596 193 1.427379 1.478135 3.709917 -4.535347 0.839167 106.6743 1.557139
Car 0 2 1.601354 585 182 598 192 1.400546 1.647438 4.024915 -4.542543 0.7761478 112.6651 1.561057
Car 0 2 3.044123 677 173 704 186 1.639204 1.585631 3.989951 10.46844 -0.2252438 108.4236 3.140376
Car 0 3 3.02252 680 173 699 185 1.719717 1.682953 2.781201 10.48926 -0.2542684 111.0241 3.116718
Car 0 2 3.028706 674 174 697 186 1.674444 1.672834 3.425593 10.10443 -0.2519579 113.3362 3.117625
Car 0 3 -0.2179292 763 167 794 180 1.665556 1.85 4.490002 24.05857 -1.195008 110.5403 -0.003626081
Car 0 3 -0.2281913 762 168 795 179 1.532222 1.85 4.943336 24.65546 -1.26712 113.4171 -0.0141343
Car 0 3 -0.2424436 761 168 793 179 1.567778 1.85 4.916665 24.95887 -1.314916 115.9303 -0.03038827
Car 0 2 3.044372 669 175 693 186 1.56902 1.615801 3.690002 9.666233 -0.2517369 116.1961 3.12737
Car 0 2 1.648868 588 182 601 191 1.426384 1.614783 4.125178 -4.343805 0.6819417 120.2433 1.612759
Car 0 1 -1.628967 644 178 656 188 1.471051 1.596091 3.865517 4.653374 0.1163223 114.4391 -1.588327
Car 0 2 -1.610989 643 177 655 187 1.571396 1.572021 4.042688 4.645077 0.05786443 120.0069 -1.572301
Car 0 2 1.613237 591 181 601 191 1.481957 1.499868 3.577903 -4.279676 0.615346 126.1025 1.579312
Car 0 3 1.481592 642 178 653 187 1.455476 1.614714 3.60968 4.791946 -0.05601335 129.7814 1.518498
Car 0 1 1.685008 592 181 604 190 1.484442 1.564952 4.090225 -4.196733 0.5118599 135.3173 1.654004
Car 0 1 -1.658591 640 178 651 186 1.462216 1.667148 3.889512 4.659958 -0.1080935 135.5609 -1.62423
Car 0 3 1.61129 595 181 605 189 1.561269 1.630639 3.624328 -4.273254 0.358412 150.2923 1.582865
Car 0 2 -1.650894 638 178 648 186 1.508927 1.600727 3.541442 4.472809 -0.1859291 144.1321 -1.619871
Car 0 3 -1.695685 638 178 648 186 1.531034 1.504644 3.336817 4.571873 -0.2504656 149.5675 -1.665128
Car 0 2 1.593772 598 181 605 188 1.456842 1.426118 3.51561 -4.143547 0.2953711 155.3851 1.567112
Car 0 2 -3.007867 572 180 591 189 1.945312 1.892187 4.609375 -9.680435 0.4190478 180.1215 -3.061559
Car 0 1 0.9634082 1014 134 1105 179 2.29979 2.017562 4.728489 24.70629 -0.5023394 40.95481 1.506219
Car 0 1 -0.93981 38 218 135 255 1.429688 1.8 3.960938 -25.9322 3.086092 35.42842 -1.571665
Car 0 1 -0.9869444 94 215 181 251 1.399088 1.6037 3.967162 -23.48746 2.915217 35.47195 -1.571808
Car 0 1 -1.026277 138 210 230 249 1.494964 1.698646 4.507233 -20.83388 2.736732 34.86012 -1.564961
Car 0 1 -1.087609 196 206 278 245 1.5 1.558375 4.451755 -18.38433 2.563975 35.04945 -1.570684
