Car 0 0 -1.793964 722 177 905 305 1.546081 1.6639 4.146974 2.705121 1.411802 10.9839 -1.552489
Car 0.9813033 2 -3.991547 1193 128 1241 315 1.909038 1.812069 4.330702 8.249782 1.203373 6.823234 -3.111787
Car 0 0 -1.185805 259 191 409 282 1.632486 1.608983 3.812409 -5.909149 1.756332 15.4994 -1.550044
Car 0.002585173 0 -3.694263 949 154 1241 260 1.630828 1.672862 4.318664 8.364809 1.132375 13.01012 -3.122863
Car 0 0 1.786443 429 188 500 235 1.530483 1.680223 3.862273 -5.648994 1.624512 26.78664 1.578599
Car 0 1 1.770578 470 189 524 225 1.420148 1.552787 3.85067 -5.407443 1.555019 32.28943 1.60465
Car 0 1 1.716778 496 187 537 218 1.427379 1.478135 3.709917 -5.291678 1.497977 37.16011 1.575327
Car 0 1 1.698949 513 186 551 213 1.400546 1.647438 4.024915 -5.189818 1.429672 43.14999 1.57925
Car 0 2 -3.3723 765 170 844 204 1.639204 1.585631 3.989951 9.762484 0.7962946 38.63886 -3.12482
Car 0 3 2.900724 766 169 821 201 1.719717 1.682953 2.781201 9.830666 0.7655568 41.2386 3.134741
Car 0 3 2.921181 748 170 809 201 1.674444 1.672834 3.425593 9.487448 0.7565531 43.55719 3.135647
Car 0 3 -0.5476824 1019 159 1120 192 1.532222 1.85 4.267781 23.29466 0.189281 37.73559 0.005369877
Car 0 2 -0.5095872 992 158 1089 191 1.665556 1.85 4.490002 23.40792 0.1546282 40.51041 0.01436737
Car 0 2 -0.5025221 975 161 1072 190 1.532222 1.85 4.943336 24.05793 0.09455276 43.37603 0.003873908
Car 0 2 -0.5012348 962 161 1052 189 1.567778 1.85 4.916665 24.40747 0.05197799 45.88323 -0.01235708
Car 0 2 -3.331386 733 173 793 200 1.56902 1.615801 3.690002 9.10078 0.7436972 46.42448 -3.137807
Car 0 1 1.726407 534 185 567 207 1.426384 1.614783 4.125178 -4.85287 1.333826 50.72336 1.631024
Car 0 0 -1.66038 670 179 703 204 1.471051 1.596091 3.865517 4.049747 0.9915668 44.75805 -1.570145
Car 0 2 -1.636233 667 177 695 201 1.571396 1.572021 4.042688 4.142807 0.9281577 50.32506 -1.554097
Car 0 1 1.680092 547 183 573 204 1.481957 1.499868 3.577903 -4.681993 1.263789 56.58038 1.597531
Car 0 2 1.462422 662 179 688 197 1.455476 1.614714 3.60968 4.467808 0.8095072 60.09522 1.536631
Car 0 1 1.739576 559 183 584 200 1.484442 1.564952 4.090225 -4.43119 1.154455 65.79205 1.672326
Car 0 1 -1.673409 658 179 682 196 1.462216 1.667148 3.889512 4.440878 0.7492928 65.8761 -1.606098
Car 0 1 1.653478 573 181 592 196 1.561269 1.630639 3.624328 -4.235168 0.9863756 80.76582 1.601088
Car 0 2 -1.660893 654 178 674 194 1.508927 1.600727 3.541442 4.409544 0.6596024 74.44917 -1.601734
Car 0 3 -1.704672 653 178 672 192 1.531034 1.504644 3.336817 4.607679 0.5928341 79.88177 -1.647055
Car 0 2 1.632016 579 182 594 195 1.456842 1.426118 3.51561 -4.012577 0.9221388 85.85541 1.585314
Car 0 2 -2.961599 546 179 576 193 1.945312 1.892187 4.609375 -9.105982 0.8903044 110.6872 -3.043681
