Car 0.7599058 0 2.328004 0 215 133 374 1.609242 1.638188 3.998 -7.082434 1.998496 7.39682 1.564315
Car 0 1 1.920944 267 203 394 273 1.431419 1.697305 3.744055 -7.121668 1.91567 18.26488 1.549166
Car 0 0 -1.640413 636 180 674 211 1.546081 1.6639 4.146974 1.866473 1.233132 40.01855 -1.593807
Car 0 1 2.903426 732 173 839 211 1.473782 1.69797 4.648869 7.453751 0.9696542 32.9957 3.125598
Car 0 2 2.923061 727 165 819 208 1.909038 1.812069 4.330702 7.574858 0.938525 36.09103 3.12994
Car 0 1 -1.435933 487 187 524 217 1.632486 1.608983 3.812409 -6.921693 1.701491 44.17341 -1.591363
Car 0 3 1.741728 447 193 497 229 1.430527 1.566407 3.482533 -6.705814 1.77573 33.1161 1.541936
Car 0 2 2.944794 710 172 787 204 1.630828 1.672862 4.318664 7.434227 0.8981186 42.27767 3.118857
Car 0 1 1.665108 513 187 541 209 1.530483 1.680223 3.862273 -7.128034 1.624895 55.46227 1.537289
Car 0 1 1.679478 523 188 548 207 1.420148 1.552787 3.85067 -7.114079 1.580986 60.9706 1.563323
Car 0 2 1.642932 531 188 551 205 1.427379 1.478135 3.709917 -7.19962 1.547733 65.84213 1.534018
Car 0 1 1.639842 536 187 557 203 1.400546 1.647438 4.024915 -7.34527 1.509158 71.83137 1.537939
Car 0 1 3.003013 682 175 725 195 1.639204 1.585631 3.989951 7.771502 0.6780131 67.94353 3.116899
Car 0 2 2.984087 685 175 715 194 1.719717 1.682953 2.781201 7.732227 0.6598983 70.54398 3.09326
Car 0 2 2.994373 676 176 711 194 1.674444 1.672834 3.425593 7.293764 0.6668671 72.84646 3.094166
Car 0 2 -0.4813811 903 160 978 189 1.736666 1.796667 4.374446 21.55622 0.04124296 48.92131 -0.06634613
Car 0 2 -0.3836362 884 164 957 189 1.55 1.85 4.65 21.54679 0.01585126 52.23412 0.007602898
Car 0 0 -0.3416238 824 168 875 187 1.532222 1.85 4.267781 21.32123 -0.091573 67.60177 -0.03610404
Car 0 2 -0.3212409 815 167 866 187 1.665556 1.85 4.490002 21.31974 -0.1132252 70.37904 -0.02710063
Car 0 3 -0.3274249 811 169 863 186 1.532222 1.85 4.943336 21.85045 -0.1660945 73.26926 -0.03760085
Car 0 3 -0.3375251 807 168 858 186 1.567778 1.85 4.916665 22.09594 -0.1998072 75.78892 -0.05384235
Car 0 2 3.014451 668 177 704 194 1.56902 1.615801 3.690002 6.789248 0.6733233 75.69542 3.103904
Car 0 1 1.681615 544 186 564 201 1.426384 1.614783 4.125178 -7.321562 1.44847 79.41255 1.589679
Car 0 1 -1.636025 629 181 648 197 1.471051 1.596091 3.865517 1.814404 0.9715333 73.82101 -1.611451
Car 0 2 -1.61654 628 181 645 196 1.571396 1.572021 4.042688 1.677431 0.935773 79.38736 -1.595414
Car 0 2 1.642688 550 186 566 199 1.481957 1.499868 3.577903 -7.392797 1.40667 85.27191 1.556208
Car 0 2 1.477421 625 182 642 194 1.455476 1.614714 3.60968 1.598499 0.8637592 89.16306 1.495347
Car 0 1 1.710404 554 185 571 198 1.484442 1.564952 4.090225 -7.522772 1.341956 94.48649 1.630954
Car 0 2 -1.66142 623 182 639 193 1.462216 1.667148 3.889512 1.332882 0.8336973 94.93814 -1.647382
Car 0 1 1.632225 561 184 575 195 1.561269 1.630639 3.624328 -7.945395 1.248878 109.4562 1.559763
Car 0 2 -1.652174 620 181 634 192 1.508927 1.600727 3.541442 0.9475594 0.788623 103.5029 -1.64302
Car 0 3 -1.696767 620 181 634 192 1.531034 1.504644 3.336817 0.921051 0.7475835 108.9393 -1.688313
Car 0 2 1.613144 565 185 576 195 1.456842 1.426118 3.51561 -7.9333 1.208314 114.5509 1.543999
Car 0 1 -0.5048809 937 151 1036 191 2.059121 2.073281 4.939535 21.42324 0.09860289 42.561 -0.03855392
Car 0 2 -2.984504 535 183 560 194 1.945312 1.892187 4.609375 -14.04472 1.364086 139.1515 -3.085095
Car 0 0 1.775163 423 195 522 257 1.406945 1.755342 4.396943 -4.016661 1.721414 20.47357 1.581436
