Car 0 0 -1.692343 675 180 756 242 1.546081 1.6639 4.146974 2.579292 1.368552 20.37271 -1.566408
Car 0 0 -3.673767 916 168 1220 263 1.473782 1.69797 4.648869 7.976337 1.208488 13.19959 -3.130202
Car 0 1 -3.591334 877 150 1104 246 1.909038 1.812069 4.330702 8.182352 1.173199 16.29039 -3.125863
Car 0 0 -1.322524 400 188 478 241 1.632486 1.608983 3.812409 -6.098579 1.687837 24.76665 -1.563962
Car 0 0 1.993229 197 203 367 297 1.430527 1.566407 3.482533 -6.18573 1.787335 13.70779 1.56933
Car 0 1 -3.487172 811 168 965 227 1.630828 1.672862 4.318664 8.211259 1.118342 22.47844 -3.136937
Car 0 1 1.729452 474 187 523 221 1.530483 1.680223 3.862273 -5.995533 1.58568 36.05673 1.564679
Car 0 1 1.730109 498 188 538 215 1.420148 1.552787 3.85067 -5.830566 1.531136 41.56251 1.590734
Car 0 1 1.685301 514 187 545 211 1.427379 1.478135 3.709917 -5.782603 1.486909 46.43447 1.561406
Car 0 1 1.674839 525 187 555 208 1.400546 1.647438 4.024915 -5.764117 1.434191 52.42534 1.56533
Car 0 1 -3.328831 729 174 792 201 1.639204 1.585631 3.989951 9.252262 0.8530477 48.12497 -3.138893
Car 0 2 2.939645 732 173 775 199 1.719717 1.682953 2.781201 9.284258 0.829177 50.72548 3.120671
Car 0 2 2.955164 718 174 767 199 1.674444 1.672834 3.425593 8.908737 0.8245779 53.03906 3.121577
Car 0.03571272 0 -0.7037156 1120 153 1241 201 1.736666 1.796667 4.374446 22.52116 0.4747591 28.73265 -0.03892004
Car 0 2 -0.5793384 1068 159 1200 199 1.55 1.85 4.65 22.60255 0.4426856 32.04442 0.0349696
Car 0 3 -0.4569131 932 167 1008 193 1.532222 1.85 4.267781 22.79818 0.3013508 47.4122 -0.008702276
Car 0 3 -0.4273223 914 165 989 192 1.665556 1.85 4.490002 22.87282 0.2741998 50.18842 0.0002938614
Car 0 3 2.98072 706 176 756 198 1.56902 1.615801 3.690002 8.482119 0.81733 55.90071 3.131307
Car 0 1 1.709056 540 185 567 204 1.426384 1.614783 4.125178 -5.532571 1.358938 60.0029 1.617111
Car 0 1 -1.647747 654 181 681 202 1.471051 1.596091 3.865517 3.45385 1.039483 54.16331 -1.584066
Car 0 2 -1.626034 652 179 675 200 1.571396 1.572021 4.042688 3.469419 0.990554 59.73122 -1.568016
Car 0 1 1.666072 550 184 571 202 1.481957 1.499868 3.577903 -5.443218 1.304446 65.86189 1.583614
Car 0 2 1.470117 648 181 670 197 1.455476 1.614714 3.60968 3.658436 0.8980036 69.50523 1.522704
Car 0 1 1.729171 558 184 580 199 1.484442 1.564952 4.090225 -5.320636 1.219484 75.07642 1.658419
Car 0 1 -1.667158 645 181 665 195 1.462216 1.667148 3.889512 3.551025 0.8522993 75.28531 -1.620026
Car 0 1 1.646324 570 183 586 196 1.561269 1.630639 3.624328 -5.333048 1.09012 90.05184 1.587172
Car 0 2 -1.656187 642 180 659 194 1.508927 1.600727 3.541442 3.400337 0.784164 83.85732 -1.61566
Car 0 3 -1.700422 641 180 658 193 1.531034 1.504644 3.336817 3.522858 0.7319827 89.2923 -1.660989
Car 0 2 1.625798 575 183 588 195 1.456842 1.426118 3.51561 -5.181295 1.039706 95.14418 1.571395
Car 0 3 -1.616575 644 181 657 192 1.393046 1.452511 3.435073 3.869928 0.6698108 94.81296 -1.575781
Car 0 2 -2.969419 542 181 571 193 1.945312 1.892187 4.609375 -10.62082 1.049011 119.9025 -3.057767
Car 0.8143334 0 2.319109 0 230 241 374 1.414443 1.655112 3.354591 -3.828026 1.773404 4.117896 1.570175
