Car 0 0 -1.708849 684 179 778 251 1.546081 1.6639 4.146974 2.638682 1.370591 18.00946 -1.563368
Car 0.2139806 0 -3.76462 979 167 1241 282 1.473782 1.69797 4.648869 8.013854 1.216583 10.81979 -3.127119
Car 0 1 -3.65701 920 144 1195 257 1.909038 1.812069 4.330702 8.229261 1.178212 13.90991 -3.122781
Car 0 0 -1.298474 377 188 466 248 1.632486 1.608983 3.812409 -6.025723 1.687168 22.43009 -1.560922
Car 0 0 2.067899 98 206 324 324 1.430527 1.566407 3.482533 -6.146495 1.79757 11.37164 1.57237
Car 0 1 -3.524522 835 166 1010 232 1.630828 1.672862 4.318664 8.276979 1.117257 20.0978 -3.133855
Car 0 0 1.740603 466 187 519 223 1.530483 1.680223 3.862273 -5.888358 1.573874 33.71969 1.567719
Car 0 1 1.738246 493 188 535 217 1.420148 1.552787 3.85067 -5.706654 1.513879 39.22489 1.593774
Car 0 1 1.691743 510 187 544 212 1.427379 1.478135 3.709917 -5.643878 1.464845 44.09663 1.564446
Car 0 1 1.679854 523 186 555 208 1.400546 1.647438 4.024915 -5.607183 1.406226 50.08736 1.56837
Car 0 1 -3.33841 737 173 803 201 1.639204 1.585631 3.989951 9.395943 0.8265164 45.74077 -3.135811
Car 0 2 2.930984 740 172 785 200 1.719717 1.682953 2.781201 9.435844 0.8000792 48.34114 3.123754
Car 0 3 2.947536 725 173 777 199 1.674444 1.672834 3.425593 9.067358 0.7932722 50.65585 3.124659
Car 0.5079776 2 -0.7456933 1167 152 1241 202 1.736666 1.796667 4.374446 22.60572 0.4648474 26.30782 -0.03583771
Car 0.01477891 3 -0.6157981 1106 157 1241 200 1.55 1.85 4.65 22.69718 0.429498 29.61929 0.03805196
Car 0 3 -0.4771742 950 165 1032 193 1.532222 1.85 4.267781 22.93952 0.2729954 44.98626 -0.005619848
Car 0 3 -0.4457886 931 164 1010 192 1.665556 1.85 4.490002 23.0226 0.2430971 47.76221 0.003376276
Car 0 3 2.974159 712 175 764 198 1.56902 1.615801 3.690002 8.649446 0.7832863 53.51878 3.134389
Car 0 1 1.71271 539 185 567 204 1.426384 1.614783 4.125178 -5.352602 1.323469 57.6641 1.620152
Car 0 1 -1.650723 658 180 686 202 1.471051 1.596091 3.865517 3.615955 1.008088 51.79691 -1.581026
Car 0 2 -1.628491 655 179 679 200 1.571396 1.572021 4.042688 3.648453 0.9536735 57.36469 -1.564976
Car 0 1 1.669043 549 184 572 202 1.481957 1.499868 3.577903 -5.245434 1.263191 63.52275 1.586654
Car 0 2 1.468207 652 180 674 196 1.455476 1.614714 3.60968 3.867184 0.8514643 67.13799 1.525744
Car 0 1 1.73139 558 183 581 199 1.484442 1.564952 4.090225 -5.094843 1.169133 72.73677 1.66146
Car 0 1 -1.668742 648 180 669 195 1.462216 1.667148 3.889512 3.77734 0.8000887 72.91832 -1.616986
Car 0 1 1.647856 570 182 587 196 1.561269 1.630639 3.624328 -5.061733 1.025027 87.71204 1.590212
Car 0 2 -1.657414 644 179 662 194 1.508927 1.600727 3.541442 3.652721 0.7235414 81.49066 -1.61262
Car 0 3 -1.701542 644 179 661 193 1.531034 1.504644 3.336817 3.791761 0.6659859 86.9252 -1.657949
Car 0 2 1.627126 576 183 589 195 1.456842 1.426118 3.51561 -4.894501 0.9695708 92.80384 1.574435
Car 0 3 -1.617663 647 180 660 192 1.393046 1.452511 3.435073 4.155607 0.5983137 92.44472 -1.572741
Car 0 2 -2.967656 543 180 572 193 1.945312 1.892187 4.609375 -10.25869 0.9555128 117.5786 -3.054685
