Car 0 0 -1.669529 661 183 725 233 1.546081 1.6639 4.146974 2.436767 1.444282 25.07369 -1.572649
Car 0 0 -3.550518 838 174 1049 243 1.473782 1.69797 4.648869 7.878148 1.241987 17.93521 -3.136635
Car 0 1 -3.498533 818 160 985 234 1.909038 1.812069 4.330702 8.064854 1.221277 21.02737 -3.132296
Car 0 0 -1.360239 433 190 495 235 1.632486 1.608983 3.812409 -6.267832 1.79711 29.41186 -1.570204
Car 0 2 1.893081 311 201 422 268 1.430527 1.566407 3.482533 -6.285954 1.843511 18.3523 1.563089
Car 0 1 2.852055 775 173 898 222 1.630828 1.672862 4.318664 8.055137 1.19616 27.21568 3.139815
Car 0 1 1.710447 488 190 529 220 1.530483 1.680223 3.862273 -6.235262 1.74914 40.70272 1.558438
Car 0 1 1.715839 507 191 541 215 1.420148 1.552787 3.85067 -6.10467 1.720858 46.20962 1.584491
Car 0 1 1.67377 520 190 548 212 1.427379 1.478135 3.709917 -6.08712 1.700008 51.08194 1.555166
Car 0 1 1.66567 529 190 556 209 1.400546 1.647438 4.024915 -6.106028 1.676096 57.07299 1.559089
Car 0 1 2.97042 715 178 772 202 1.639204 1.585631 3.989951 8.935989 1.052804 52.86919 3.137858
Car 0 3 2.954234 718 177 757 201 1.719717 1.682953 2.781201 8.951757 1.041403 55.46992 3.114235
Car 0 2 2.968035 706 178 751 201 1.674444 1.672834 3.425593 8.561819 1.048475 57.78112 3.115141
Car 0 0 -0.6323313 1046 159 1162 201 1.736666 1.796667 4.374446 22.32486 0.562233 33.56202 -0.04535725
Car 0 1 -0.5170678 1007 165 1117 199 1.55 1.85 4.65 22.38557 0.5459813 36.87435 0.02853905
Car 0 3 2.991801 695 180 741 200 1.56902 1.615801 3.690002 8.11738 1.055608 60.64005 3.124872
Car 0 1 1.702206 541 189 566 206 1.426384 1.614783 4.125178 -5.921797 1.63698 64.65211 1.610866
Car 0 0 -1.642922 647 184 671 203 1.471051 1.596091 3.865517 3.100353 1.276583 58.87029 -1.590306
Car 0 2 -1.622037 645 183 666 202 1.571396 1.572021 4.042688 3.081171 1.254428 64.43835 -1.574257
Car 0 2 1.660414 550 188 570 204 1.481957 1.499868 3.577903 -5.869011 1.610556 70.51176 1.577371
Car 0 2 1.473251 642 184 662 199 1.455476 1.614714 3.60968 3.209171 1.208646 74.21369 1.516466
Car 0 1 1.724838 557 187 578 202 1.484442 1.564952 4.090225 -5.803951 1.569765 79.72717 1.652169
Car 0 1 -1.664569 639 184 658 198 1.462216 1.667148 3.889512 3.065691 1.190912 79.99315 -1.626263
Car 0 1 1.643252 568 186 583 199 1.561269 1.630639 3.624328 -5.909832 1.512489 94.70268 1.580929
Car 0 2 -1.654197 636 184 652 197 1.508927 1.600727 3.541442 2.861519 1.164245 88.56427 -1.621898
Car 0 3 -1.698598 636 183 651 196 1.531034 1.504644 3.336817 2.950109 1.138045 94.00011 -1.667224
Car 0 2 1.623106 572 187 585 198 1.456842 1.426118 3.51561 -5.789875 1.486366 99.79605 1.565153
Car 0.216748 0 -0.6988476 1125 147 1241 206 2.059121 2.073281 4.939535 22.05715 0.5998586 27.20581 -0.01758523
Car 0 2 -2.973026 541 184 568 197 1.945312 1.892187 4.609375 -11.38348 1.622593 124.5196 -3.064192
Car 0.9761071 1 2.450543 0 244 191 374 1.406945 1.755342 4.396943 -3.571779 1.792817 2.6214 1.512877
Car 0 0 1.956003 185 209 424 352 1.414443 1.655112 3.354591 -3.883146 1.777431 9.564991 1.570357
