Car 0.5550829 1 2.27896 0 221 168 374 1.431419 1.697305 3.744055 -7.008707 1.923511 8.057508 1.563062
Car 0 0 -1.656747 652 180 704 222 1.546081 1.6639 4.146974 2.28531 1.299905 29.68405 -1.579911
Car 0 0 2.807853 792 172 954 227 1.473782 1.69797 4.648869 7.777019 1.093546 22.58433 3.13949
Car 0 1 -3.439291 780 160 913 221 1.909038 1.812069 4.330702 7.941217 1.060416 25.67765 -3.139355
Car 0 0 -1.389822 455 187 507 226 1.632486 1.608983 3.812409 -6.448369 1.685293 33.96054 -1.577466
Car 0 2 1.827775 374 196 456 249 1.430527 1.566407 3.482533 -6.386173 1.772494 22.9014 1.555829
Car 0 1 2.890133 749 171 853 213 1.630828 1.672862 4.318664 7.886562 1.01258 31.86559 3.132752
Car 0 1 1.693799 497 187 534 214 1.530483 1.680223 3.862273 -6.497804 1.59559 45.25108 1.551179
Car 0 1 1.702791 513 188 544 210 1.420148 1.552787 3.85067 -6.407239 1.546315 50.75864 1.577226
Car 0 1 1.662892 524 187 549 207 1.427379 1.478135 3.709917 -6.425074 1.507437 55.63084 1.547907
Car 0 1 1.656723 531 187 556 205 1.400546 1.647438 4.024915 -6.487485 1.461583 61.62148 1.55183
Car 0 0 2.982718 703 175 755 198 1.639204 1.585631 3.989951 8.580872 0.7699093 57.52407 3.130796
Car 0 3 2.965458 706 174 742 197 1.719717 1.682953 2.781201 8.577745 0.7488493 60.12479 3.107167
Car 0 2 2.977934 695 175 736 196 1.674444 1.672834 3.425593 8.171139 0.7495894 62.43313 3.108073
Car 0 1 -0.5757658 990 157 1089 194 1.736666 1.796667 4.374446 22.10623 0.2757511 38.31237 -0.05242993
Car 0 2 -0.4674048 960 162 1055 193 1.55 1.85 4.65 22.14287 0.2469715 41.62496 0.02148372
Car 0 2 -0.3925837 872 168 933 189 1.532222 1.85 4.267781 22.13093 0.1222014 56.99413 -0.02220238
Car 0 2 3.000319 686 177 727 196 1.56902 1.615801 3.690002 7.706055 0.7486796 65.28878 3.117806
Car 0 1 1.695219 542 186 565 202 1.426384 1.614783 4.125178 -6.358341 1.393549 69.20154 1.603594
Car 0 1 -1.640121 641 181 663 199 1.471051 1.596091 3.865517 2.703278 1.004135 63.48368 -1.597564
Car 0 2 -1.619785 639 180 659 197 1.571396 1.572021 4.042688 2.643665 0.9615961 69.05135 -1.581519
Car 0 1 1.654479 550 185 568 200 1.481957 1.499868 3.577903 -6.348135 1.345268 75.06126 1.570107
Car 0 2 1.47497 636 181 655 195 1.455476 1.614714 3.60968 2.700642 0.8791273 78.82711 1.509217
Car 0 1 1.720094 556 184 576 198 1.484442 1.564952 4.090225 -6.35001 1.270201 84.27668 1.644889
Car 0 2 -1.663232 633 181 652 194 1.462216 1.667148 3.889512 2.515236 0.8409249 84.60526 -1.633512
Car 0 1 1.63971 565 183 580 196 1.561269 1.630639 3.624328 -6.564613 1.158405 99.25072 1.573664
Car 0 2 -1.653279 631 181 646 193 1.508927 1.600727 3.541442 2.248873 0.7838545 93.17453 -1.629148
Car 0 3 -1.697761 630 181 645 192 1.531034 1.504644 3.336817 2.297964 0.7371567 98.61073 -1.674462
Car 0 2 1.619931 570 184 582 195 1.456842 1.426118 3.51561 -6.48168 1.11287 104.3447 1.557892
Car 0 0 -0.6251507 1049 145 1189 197 2.059121 2.073281 4.939535 21.88475 0.3382601 31.95458 -0.02465102
Car 0 2 -2.976555 539 182 565 194 1.945312 1.892187 4.609375 -12.25328 1.189296 129.0276 -3.071237
Car 0.01486075 0 1.98649 42 211 412 374 1.406945 1.755342 4.396943 -3.749885 1.767579 7.949317 1.545718
Car 0 0 1.824927 362 199 486 280 1.414443 1.655112 3.354591 -4.002059 1.719225 15.36614 1.57014
