Car 0.9942532 1 -0.6669774 0 215 57 374 1.632486 1.608983 3.812409 -6.111648 1.92898 4.980689 -1.553983
Car 0 0 1.922355 277 195 420 279 1.530483 1.680223 3.862273 -5.895975 1.783871 16.2687 1.574666
Car 0 1 1.855734 381 194 473 251 1.420148 1.552787 3.85067 -5.676161 1.706833 21.7723 1.600705
Car 0 1 1.777829 434 191 498 236 1.427379 1.478135 3.709917 -5.579596 1.644023 26.64333 1.571395
Car 0 1 1.742325 469 189 524 225 1.400546 1.647438 4.024915 -5.501324 1.569003 32.63348 1.575316
Car 0 0 -3.452531 809 163 921 211 1.639204 1.585631 3.989951 9.461618 0.8009589 28.1789 -3.12859
Car 0 2 2.831003 807 163 884 207 1.719717 1.682953 2.781201 9.51955 0.7670834 30.77885 3.13096
Car 0 1 2.861648 780 165 863 206 1.674444 1.672834 3.425593 9.167385 0.7590374 33.0961 3.131866
Car 0.3933614 0 -0.6978476 1157 148 1241 192 1.532222 1.85 4.267781 22.99093 0.06900704 27.32675 0.001594073
Car 0.002889156 1 -0.6438023 1109 144 1241 190 1.665556 1.85 4.490002 23.09324 0.0306288 30.10195 0.01059573
Car 0 2 -0.6237916 1077 149 1211 189 1.532222 1.85 4.943336 23.73167 -0.03824961 32.96996 9.754034E-05
Car 0 2 -0.612273 1053 150 1175 188 1.567778 1.85 4.916665 24.07118 -0.0864886 35.47845 -0.01614098
Car 0 1 -3.380774 758 168 838 204 1.56902 1.615801 3.690002 8.769632 0.747015 35.96188 -3.141583
Car 0 1 1.755541 503 186 548 216 1.426384 1.614783 4.125178 -5.194298 1.46273 40.20799 1.627067
Car 0 0 -1.682399 678 177 723 211 1.471051 1.596091 3.865517 3.727541 1.043449 34.27641 -1.574075
Car 0 1 -1.653087 672 175 709 206 1.571396 1.572021 4.042688 3.798681 0.9738131 39.84366 -1.558034
Car 0 1 1.702705 524 185 557 210 1.481957 1.499868 3.577903 -5.046516 1.385464 46.06554 1.593589
Car 0 2 1.450565 665 177 696 200 1.455476 1.614714 3.60968 4.085134 0.8427315 49.61487 1.532717
Car 0 1 1.755543 541 183 572 205 1.484442 1.564952 4.090225 -4.832033 1.264927 55.27798 1.668352
Car 0 1 -1.682732 659 177 688 198 1.462216 1.667148 3.889512 4.035494 0.7771999 55.39555 -1.610012
Car 0 1 1.663875 561 181 583 199 1.561269 1.630639 3.624328 -4.694949 1.080603 70.25223 1.597145
Car 0 2 -1.667639 654 177 677 195 1.508927 1.600727 3.541442 3.970484 0.6795441 63.96834 -1.605649
Car 0 2 -1.710634 653 177 675 194 1.531034 1.504644 3.336817 4.147175 0.6057018 69.40158 -1.650949
Car 0 2 1.640934 569 182 586 197 1.456842 1.426118 3.51561 -4.492472 1.009396 75.34255 1.581377
Car 0 3 -2.685874 329 193 362 206 1.496754 1.620751 4.107733 -38.58367 2.566782 101.7959 -3.048173
Car 0 2 -2.951055 533 179 568 195 1.945312 1.892187 4.609375 -9.681046 1.000999 100.1546 -3.047417
