Car 0 1 2.107087 25 213 283 337 1.431419 1.697305 3.744055 -7.024134 1.948469 11.46873 1.557556
Car 0 0 -1.650089 645 179 692 217 1.546081 1.6639 4.146974 2.146565 1.241822 33.1453 -1.585417
Car 0 1 2.847811 767 170 905 219 1.473782 1.69797 4.648869 7.674932 0.9919153 26.07549 3.134063
Car 0 2 2.876412 758 160 874 214 1.909038 1.812069 4.330702 7.822014 0.9565663 29.16965 3.138404
Car 0 1 -1.408008 468 187 514 222 1.632486 1.608983 3.812409 -6.606763 1.698414 37.37435 -1.582973
Car 0 2 1.791894 405 195 473 241 1.430527 1.566407 3.482533 -6.483664 1.78817 26.31574 1.550326
Car 0 2 2.911994 733 170 826 208 1.630828 1.672862 4.318664 7.73329 0.9074647 35.35719 3.127322
Car 0 1 1.682866 503 187 536 212 1.530483 1.680223 3.862273 -6.718383 1.605986 48.66443 1.545678
Car 0 1 1.694008 517 188 545 209 1.420148 1.552787 3.85067 -6.658205 1.554431 54.17238 1.571713
Car 0 2 1.655446 526 187 550 206 1.427379 1.478135 3.709917 -6.70287 1.514349 59.0444 1.542407
Car 0 1 1.650483 533 187 556 204 1.400546 1.647438 4.024915 -6.798261 1.467348 65.03459 1.546328
Car 0 0 2.990397 695 174 743 196 1.639204 1.585631 3.989951 8.285927 0.6519144 61.01899 3.125365
Car 0 2 2.972483 698 174 732 195 1.719717 1.682953 2.781201 8.268469 0.6301583 63.61965 3.101726
Car 0 2 2.984127 687 174 727 195 1.674444 1.672834 3.425593 7.849325 0.6336278 65.92574 3.102632
Car 0 1 -0.5398942 956 155 1045 190 1.736666 1.796667 4.374446 21.91107 0.05098283 41.88098 -0.05787918
Car 0 2 -0.4356971 930 160 1016 189 1.55 1.85 4.65 21.92944 0.02098 45.19372 0.01606648
Car 0 1 -0.3736368 854 166 911 187 1.532222 1.85 4.267781 21.83282 -0.1079586 60.56255 -0.02763832
Car 0 3 -0.3508834 843 165 900 186 1.665556 1.85 4.490002 21.85464 -0.1334722 63.3397 -0.01863543
Car 0 2 3.00564 679 176 718 194 1.56902 1.615801 3.690002 7.368717 0.6357801 68.77882 3.112369
Car 0 1 1.690227 542 186 564 202 1.426384 1.614783 4.125178 -6.710942 1.396139 72.61522 1.598071
Car 0 1 -1.63857 636 180 657 198 1.471051 1.596091 3.865517 2.378134 0.9332036 66.94662 -1.603062
Car 0 2 -1.618564 634 180 653 196 1.571396 1.572021 4.042688 2.287867 0.8896126 72.51386 -1.587024
Car 0 2 1.650187 549 185 567 200 1.481957 1.499868 3.577903 -6.733018 1.346146 78.4749 1.564598
Car 0 2 1.475901 632 181 650 194 1.455476 1.614714 3.60968 2.290955 0.8039571 82.28976 1.503734
Car 0 1 1.716576 555 184 574 198 1.484442 1.564952 4.090225 -6.785666 1.268536 87.69016 1.639348
Car 0 2 -1.662538 629 181 647 193 1.462216 1.667148 3.889512 2.073795 0.765687 88.06682 -1.638994
Car 0 1 1.637034 563 183 578 195 1.561269 1.630639 3.624328 -7.08268 1.154361 102.6628 1.568153
Car 0 2 -1.652846 626 180 642 192 1.508927 1.600727 3.541442 1.760342 0.7084452 96.63449 -1.634632
Car 0 3 -1.697358 626 180 641 192 1.531034 1.504644 3.336817 1.779455 0.659831 102.0709 -1.679927
Car 0 2 1.617516 568 184 579 194 1.456842 1.426118 3.51561 -7.027843 1.106724 107.7571 1.552388
Car 0 1 -0.5789812 1004 144 1127 192 2.059121 2.073281 4.939535 21.72472 0.1170928 35.5221 -0.03008814
Car 0 2 -2.979269 537 182 563 194 1.945312 1.892187 4.609375 -12.93285 1.224136 132.4082 -3.076634
Car 0 0 1.8695 270 203 469 320 1.406945 1.755342 4.396943 -3.835033 1.763953 12.00549 1.560305
Car 0 1 1.775305 420 196 510 257 1.414443 1.655112 3.354591 -4.140756 1.712261 19.88864 1.57004
