Car 0.004262447 0 -2.004092 802 181 1212 374 1.404795 1.612032 3.772344 2.969757 1.389824 6.426104 -1.571188
Car 0 0 -1.729936 730 180 860 279 1.413269 1.567278 3.158158 2.920516 1.34006 12.55865 -1.501447
Car 0 0 1.925404 293 201 420 281 1.527328 1.555003 3.576751 -6.008225 1.92812 17.0418 1.586452
Car 0 0 1.711667 489 191 528 221 1.417371 1.540477 3.504343 -6.062089 1.735121 39.71626 1.560201
Car 0 1 -1.643503 655 178 691 206 1.512623 1.746308 3.775172 3.103219 1.060753 43.26394 -1.571898
Car 0 1 1.713801 507 191 542 216 1.360295 1.513462 4.017023 -5.951522 1.678992 45.2893 1.583139
Car 0 1 1.676918 528 184 559 210 1.73687 1.652467 4.107703 -5.63308 1.584535 53.59673 1.572201
Car 0 2 1.680638 538 185 565 206 1.609242 1.638188 3.998 -5.689742 1.530975 60.22674 1.586446
Car 0 1 1.648358 553 186 575 202 1.431419 1.697305 3.744055 -5.488501 1.422542 71.09277 1.571308
Car 0 0 -1.614505 644 179 660 192 1.546081 1.6639 4.146974 3.971251 0.5712929 92.63956 -1.571663
Car 0 1 -3.244683 681 175 720 190 1.473782 1.69797 4.648869 9.397167 0.2523065 85.49356 -3.135206
Car 0 2 -3.23866 681 172 717 190 1.909038 1.812069 4.330702 9.58662 0.2121708 88.58536 -3.13086
Car 0 1 -1.52064 578 183 593 196 1.632486 1.608983 3.812409 -4.715569 1.143518 96.98994 -1.569221
Car 0 0 1.619242 572 185 588 198 1.430527 1.566407 3.482533 -4.744539 1.24153 85.93076 1.564084
Car 0 3 3.040461 677 174 711 189 1.630828 1.672862 4.318664 9.583008 0.1587207 94.77349 3.141233
Car 0 2 1.602561 583 183 596 194 1.530483 1.680223 3.862273 -4.671947 1.04247 108.2804 1.559441
Car 0 2 1.625298 586 184 598 193 1.420148 1.552787 3.85067 -4.536154 0.9851456 113.787 1.585454
Car 0 2 1.594195 588 183 598 193 1.427379 1.478135 3.709917 -4.513826 0.9412953 118.6591 1.556173
Car 0 2 1.596391 589 183 600 192 1.400546 1.647438 4.024915 -4.526823 0.8902152 124.65 1.56009
Car 0 2 3.052404 672 175 696 187 1.639204 1.585631 3.989951 10.48773 -0.1274245 120.425 3.139274
Car 0 3 3.030425 674 175 691 186 1.719717 1.682953 2.781201 10.50602 -0.1512792 123.0256 3.115615
Car 0 2 3.035963 669 176 689 186 1.674444 1.672834 3.425593 10.11897 -0.1441624 125.3373 3.116522
Car 0 3 3.050917 665 176 686 186 1.56902 1.615801 3.690002 9.67802 -0.138016 128.1968 3.126268
Car 0 2 1.644564 591 183 603 191 1.426384 1.614783 4.125178 -4.335424 0.8110037 132.2286 1.611789
Car 0 2 -1.626189 642 179 653 188 1.471051 1.596091 3.865517 4.667042 0.2291465 126.4342 -1.589293
Car 0 2 -1.608506 641 179 651 188 1.571396 1.572021 4.042688 4.653362 0.1817856 132.0021 -1.573268
Car 0 2 1.609307 594 183 603 191 1.481957 1.499868 3.577903 -4.276953 0.7560475 138.088 1.578345
Car 0 3 1.483755 640 179 651 187 1.455476 1.614714 3.60968 4.790779 0.08730507 141.777 1.517533
Car 0 1 1.681557 595 182 605 190 1.484442 1.564952 4.090225 -4.202938 0.6708765 147.3031 1.653032
Car 0 2 -1.656719 638 179 649 187 1.462216 1.667148 3.889512 4.653214 0.04680777 147.5564 -1.625194
Car 0 2 1.608351 597 182 606 189 1.561269 1.630639 3.624328 -4.29393 0.5473032 162.2783 1.581897
Car 0 2 -1.64938 637 179 646 187 1.508927 1.600727 3.541442 4.457779 -0.0138545 156.1276 -1.620836
Car 0 3 -1.694255 637 179 646 186 1.531034 1.504644 3.336817 4.551571 -0.06761336 161.5631 -1.666091
Car 0 2 1.59105 599 182 606 189 1.456842 1.426118 3.51561 -4.169136 0.4943407 167.3713 1.566145
Car 0 1 -0.2599502 781 163 821 181 2.059121 2.073281 4.939535 23.56328 -0.8227029 94.74376 -0.01619038
Car 0 3 -3.01205 575 181 593 190 1.945312 1.892187 4.609375 -9.729771 0.6701753 192.1021 -3.062656
Car 0 3 -1.114554 234 208 289 234 1.399088 1.6037 3.967162 -23.39638 2.885335 47.43459 -1.572775
Car 0 1 -1.148938 268 204 327 232 1.494964 1.698646 4.507233 -20.7423 2.704253 46.82567 -1.565929
Car 0 1 -1.200605 311 201 363 229 1.5 1.558375 4.451755 -18.29302 2.5306 47.0177 -1.571651
