Car 0.5049018 0 -2.178505 826 170 1241 374 1.50992 1.85 4.930564 2.890745 1.441478 4.159842 -1.571199
Car 0 1 -1.839635 739 185 925 304 1.404795 1.612032 3.772344 2.995386 1.417061 10.91189 -1.571728
Car 0 0 -1.672959 705 185 792 255 1.413269 1.567278 3.158158 2.942834 1.405199 17.04459 -1.50199
Car 0 0 1.857332 368 201 460 262 1.527328 1.555003 3.576751 -5.988528 2.018018 21.5192 1.585912
Car 0 0 1.695814 503 195 538 221 1.417371 1.540477 3.504343 -6.054626 1.965197 44.19439 1.559662
Car 0 0 -1.637453 652 183 684 208 1.512623 1.746308 3.775172 3.108975 1.315803 47.75112 -1.572437
Car 0 1 1.701531 517 194 549 217 1.360295 1.513462 4.017023 -5.947068 1.943562 49.76772 1.582599
Car 0 1 1.668355 536 188 563 212 1.73687 1.652467 4.107703 -5.633099 1.900575 58.07575 1.571662
Car 0 2 1.673668 544 189 569 209 1.609242 1.638188 3.998 -5.693339 1.88799 64.70593 1.585906
Car 0 1 1.643392 557 190 578 205 1.431419 1.697305 3.744055 -5.497959 1.846809 75.57253 1.570769
Car 0 0 -1.612852 643 183 658 196 1.546081 1.6639 4.146974 3.950382 1.13192 97.12927 -1.572203
Car 0 1 -3.240044 678 180 715 194 1.473782 1.69797 4.648869 9.38028 0.7705493 89.98833 -3.13618
Car 0 2 -3.234268 678 177 712 194 1.909038 1.812069 4.330702 9.568069 0.749593 93.08041 -3.131835
Car 0 1 -1.523092 580 187 594 200 1.632486 1.608983 3.812409 -4.738983 1.728163 101.4713 -1.569761
Car 0 0 1.616166 575 189 590 201 1.430527 1.566407 3.482533 -4.761986 1.757786 90.41174 1.563545
Car 0 3 3.04424 675 179 706 193 1.630828 1.672862 4.318664 9.561119 0.7344029 99.26875 3.140259
Car 0 2 1.600571 584 187 597 198 1.530483 1.680223 3.862273 -4.701447 1.696938 112.7622 1.558901
Car 0 2 1.623524 587 188 598 197 1.420148 1.552787 3.85067 -4.568609 1.673705 118.2691 1.584914
Car 0 2 1.592557 589 188 599 197 1.427379 1.478135 3.709917 -4.548927 1.659987 123.1414 1.555633
Car 0 2 1.594889 590 188 600 196 1.400546 1.647438 4.024915 -4.565153 1.645945 129.1325 1.559551
Car 0 2 3.054826 670 180 693 191 1.639204 1.585631 3.989951 10.45201 0.6071601 124.922 3.138299
Car 0 3 3.03273 672 180 689 190 1.719717 1.682953 2.781201 10.46891 0.5993915 127.5228 3.11464
Car 0 3 3.038061 667 180 687 191 1.674444 1.672834 3.425593 10.08059 0.6206729 129.8341 3.115547
Car 0 3 -0.2667436 768 172 800 186 1.736666 1.796667 4.374446 23.81184 -0.2775466 105.6088 -0.0449798
Car 0 3 3.052786 663 181 684 191 1.56902 1.615801 3.690002 9.638088 0.6443532 132.6933 3.125293
Car 0 2 1.643259 592 187 603 196 1.426384 1.614783 4.125178 -4.377831 1.613655 136.7116 1.611248
Car 0 2 -1.625166 641 184 652 192 1.471051 1.596091 3.865517 4.627956 0.9989562 130.9257 -1.589833
Car 0 2 -1.607579 640 183 650 192 1.571396 1.572021 4.042688 4.611282 0.986017 136.4938 -1.573808
Car 0 2 1.608114 594 187 603 195 1.481957 1.499868 3.577903 -4.322529 1.594947 142.5713 1.577805
Car 0 3 1.484575 639 184 649 192 1.455476 1.614714 3.60968 4.743423 0.9520199 146.2692 1.516993
Car 0 1 1.680504 595 187 605 194 1.484442 1.564952 4.090225 -4.253475 1.566777 151.7867 1.652488
Car 0 2 -1.655996 638 184 648 191 1.462216 1.667148 3.889512 4.602726 0.9472115 152.0487 -1.625734
Car 0 2 1.607451 598 186 606 194 1.561269 1.630639 3.624328 -4.352554 1.535765 166.7623 1.581357
Car 0 2 -1.648779 636 184 645 191 1.508927 1.600727 3.541442 4.402676 0.9394798 160.62 -1.621376
Car 0 3 -1.693687 636 184 645 191 1.531034 1.504644 3.336817 4.493534 0.9193602 166.0558 -1.666633
Car 0 3 1.590217 599 187 606 193 1.456842 1.426118 3.51561 -4.230503 1.514334 171.8557 1.565606
Car 0 1 -0.2500514 773 169 812 186 2.059121 2.073281 4.939535 23.54173 -0.2425687 99.25264 -0.01716515
Car 0 3 -3.013793 576 186 593 194 1.945312 1.892187 4.609375 -9.804604 1.841235 196.5818 -3.063627
Car 0 2 -1.230846 339 204 384 229 1.5 1.558375 4.451755 -18.28978 2.801765 51.48416 -1.572191
