Car 0 0 -1.755762 706 176 846 277 1.546081 1.6639 4.146974 2.705311 1.35478 13.37529 -1.556192
Car 0.5777256 0 -3.845436 1059 129 1241 296 1.909038 1.812069 4.330702 8.265128 1.150202 9.234707 -3.115386
Car 0 0 -1.233404 311 188 434 266 1.632486 1.608983 3.812409 -5.92529 1.697298 17.85965 -1.553747
Car 0.6592146 0 2.312593 0 220 165 374 1.430527 1.566407 3.482533 -6.125391 1.848527 6.802832 1.579547
Car 0 1 -3.623073 900 156 1139 245 1.630828 1.672862 4.318664 8.357242 1.066499 15.42182 -3.126462
Car 0 0 1.768246 444 186 508 229 1.530483 1.680223 3.862273 -5.706941 1.542258 29.14748 1.574896
Car 0 1 1.757959 480 187 529 220 1.420148 1.552787 3.85067 -5.485775 1.461349 34.65096 1.600947
Car 0 1 1.707119 502 185 540 214 1.427379 1.478135 3.709917 -5.388051 1.394283 39.52192 1.571624
Car 0 1 1.691659 517 185 553 209 1.400546 1.647438 4.024915 -5.308373 1.313686 45.51197 1.575547
Car 0 2 -3.359509 755 168 829 200 1.639204 1.585631 3.989951 9.659958 0.67702 41.0548 -3.128418
Car 0 3 2.912092 757 168 808 199 1.719717 1.682953 2.781201 9.718508 0.6409269 43.6547 3.131142
Car 0 3 2.93105 740 169 797 198 1.674444 1.672834 3.425593 9.366724 0.6274844 45.97198 3.132047
Car 0 3 -0.4860053 970 157 1059 189 1.665556 1.85 4.490002 23.29785 0.0201484 42.97541 0.0107683
Car 0 2 -0.4809383 955 160 1045 188 1.532222 1.85 4.943336 23.93722 -0.04630995 45.84327 0.0002745951
Car 0 2 -0.4812844 943 160 1028 187 1.567778 1.85 4.916665 24.27746 -0.09428632 48.35166 -0.0159567
Car 0 3 -3.32304 726 171 783 197 1.56902 1.615801 3.690002 8.969456 0.6091079 48.8378 -3.141406
Car 0 1 1.72122 536 183 568 204 1.426384 1.614783 4.125178 -4.999486 1.202124 53.08633 1.62732
Car 0 0 -1.656892 666 177 697 201 1.471051 1.596091 3.865517 3.92482 0.8645901 47.15324 -1.573848
Car 0 2 -1.633475 663 176 689 199 1.571396 1.572021 4.042688 3.997263 0.7897578 52.72041 -1.5578
Car 0 1 1.67593 548 182 573 201 1.481957 1.499868 3.577903 -4.850299 1.120007 58.94378 1.593828
Car 0 2 1.464449 659 177 683 195 1.455476 1.614714 3.60968 4.286076 0.6509242 62.49144 1.532929
Car 0 1 1.736504 559 181 583 198 1.484442 1.564952 4.090225 -4.633615 0.9916908 68.15607 1.668623
Car 0 1 -1.671793 655 177 677 193 1.462216 1.667148 3.889512 4.237741 0.5789508 68.27204 -1.609801
Car 0 1 1.651381 572 180 590 194 1.561269 1.630639 3.624328 -4.493046 0.7929307 83.13008 1.597385
Car 0 2 -1.659708 651 177 670 192 1.508927 1.600727 3.541442 4.174664 0.4718144 76.84474 -1.605436
Car 0 3 -1.703609 650 176 668 190 1.531034 1.504644 3.336817 4.352674 0.3938092 82.27788 -1.650756
Car 0 2 1.630193 578 180 592 193 1.456842 1.426118 3.51561 -4.289316 0.7181355 88.22031 1.581611
Car 0 3 -1.619684 653 177 667 190 1.393046 1.452511 3.435073 4.756044 0.3042874 87.79434 -1.565564
Car 0 2 -2.963656 545 178 575 191 1.945312 1.892187 4.609375 -9.47443 0.6399454 113.033 -3.047281
