Car 0.4579754 0 2.258985 0 210 185 374 1.609242 1.638188 3.998 -7.088145 1.976404 8.50256 1.564061
Car 0 1 1.901611 289 201 405 267 1.431419 1.697305 3.744055 -7.130142 1.887278 19.37056 1.54891
Car 0 0 -1.639091 636 180 672 210 1.546081 1.6639 4.146974 1.853092 1.20314 41.12621 -1.594063
Car 0 1 2.91051 728 173 831 210 1.473782 1.69797 4.648869 7.442533 0.950485 34.10469 3.125368
Car 0 2 2.92914 724 165 813 207 1.909038 1.812069 4.330702 7.562864 0.9177223 37.20004 3.129709
Car 0 1 -1.439601 491 187 526 215 1.632486 1.608983 3.812409 -6.936734 1.658439 45.27901 -1.591618
Car 0 3 1.735523 453 192 501 226 1.430527 1.566407 3.482533 -6.718033 1.739301 34.22181 1.54168
Car 0 2 2.949231 708 172 782 203 1.630828 1.672862 4.318664 7.42065 0.8735864 43.3866 3.118627
Car 0 1 1.662692 514 187 542 208 1.530483 1.680223 3.862273 -7.145954 1.575099 56.56777 1.537032
Car 0 1 1.67748 525 187 549 206 1.420148 1.552787 3.85067 -7.133399 1.528039 62.07608 1.563068
Car 0 2 1.641194 532 187 552 204 1.427379 1.478135 3.709917 -7.220186 1.49188 66.94758 1.533761
Car 0 1 1.638351 537 187 557 202 1.400546 1.647438 4.024915 -7.367367 1.449682 72.93675 1.537682
Car 0 1 3.004883 681 175 723 194 1.639204 1.585631 3.989951 7.751429 0.639127 69.05243 3.11667
Car 0 3 2.985821 684 175 714 194 1.719717 1.682953 2.781201 7.711493 0.6194688 71.65285 3.093031
Car 0 2 2.995918 675 176 709 194 1.674444 1.672834 3.425593 7.272409 0.624581 73.95523 3.093938
Car 0 2 -0.4731349 897 160 969 189 1.736666 1.796667 4.374446 21.54192 0.0300349 50.03349 -0.06657277
Car 0 2 -0.3762527 878 164 949 188 1.55 1.85 4.65 21.53165 0.002726078 53.34628 0.007370864
Car 0 0 -0.3369504 821 168 870 187 1.532222 1.85 4.267781 21.30217 -0.113812 68.71381 -0.0363329
Car 0 2 -0.3168949 812 167 862 186 1.665556 1.85 4.490002 21.29996 -0.1370633 71.49106 -0.02733015
Car 0 3 -0.3233008 808 169 860 186 1.532222 1.85 4.943336 21.82999 -0.1909509 74.38139 -0.03782962
Car 0 3 -0.3336089 804 169 854 186 1.567778 1.85 4.916665 22.07486 -0.2258148 76.9011 -0.05406998
Car 0 2 3.015793 667 177 702 193 1.56902 1.615801 3.690002 6.767143 0.6287857 76.80405 3.103675
Car 0 1 1.680403 544 186 564 200 1.426384 1.614783 4.125178 -7.345581 1.384662 80.51791 1.589426
Car 0 1 -1.635625 629 181 648 196 1.471051 1.596091 3.865517 1.792431 0.922034 74.92851 -1.611708
Car 0 2 -1.616215 627 180 644 195 1.571396 1.572021 4.042688 1.654036 0.8829052 80.4948 -1.595669
Car 0 2 1.641625 550 185 566 198 1.481957 1.499868 3.577903 -7.418316 1.339405 86.37721 1.555953
Car 0 2 1.477668 625 181 642 194 1.455476 1.614714 3.60968 1.572611 0.8051726 90.27043 1.495087
Car 0 1 1.709529 555 185 572 197 1.484442 1.564952 4.090225 -7.550629 1.269233 95.59172 1.630704
Car 0 2 -1.661233 623 181 639 193 1.462216 1.667148 3.889512 1.30551 0.7714664 96.04541 -1.647641
Car 0 2 1.631534 562 184 575 195 1.561269 1.630639 3.624328 -7.977079 1.167031 110.5613 1.559508
Car 0 2 -1.652054 620 181 634 192 1.508927 1.600727 3.541442 0.9179916 0.7209977 104.6101 -1.643279
Car 0 3 -1.696663 620 181 633 191 1.531034 1.504644 3.336817 0.8901024 0.6767987 110.0465 -1.688575
Car 0 2 1.612513 565 184 576 194 1.456842 1.426118 3.51561 -7.966291 1.123551 115.656 1.543743
Car 0 1 -0.4945959 929 152 1025 190 2.059121 2.073281 4.939535 21.41055 0.09089172 43.67318 -0.03878276
Car 0 2 -2.985246 536 183 560 194 1.945312 1.892187 4.609375 -14.08437 1.257753 140.255 -3.08533
Car 0 0 1.764856 438 194 528 250 1.406945 1.755342 4.396943 -4.032457 1.692006 22.04394 1.583928
