Car 0.8643839 1 -2.445669 876 182 1241 374 1.512623 1.746308 3.775172 2.312845 1.517387 1.988417 -1.584987
Car 0 0 2.052874 91 191 327 321 1.73687 1.652467 4.107703 -6.568918 1.841273 12.20474 1.559115
Car 0 0 1.915752 294 191 416 265 1.609242 1.638188 3.998 -6.712418 1.77651 18.83333 1.573377
Car 0 1 1.778588 424 191 487 231 1.431419 1.697305 3.744055 -6.653153 1.655921 29.70095 1.558221
Car 0 0 -1.634073 642 178 671 202 1.546081 1.6639 4.146974 2.535675 0.9717084 51.37056 -1.584753
Car 0 0 2.954758 714 174 792 201 1.473782 1.69797 4.648869 8.061468 0.7779725 44.29699 3.134774
Car 0 2 2.967563 712 167 781 200 1.909038 1.812069 4.330702 8.210684 0.7371665 47.39098 3.139114
Car 0 2 -1.470943 525 183 553 206 1.632486 1.608983 3.812409 -6.218254 1.354112 55.60574 -1.582308
Car 0 1 1.68713 503 187 537 212 1.430527 1.566407 3.482533 -6.102519 1.468206 44.54726 1.550987
Car 0 2 2.977517 701 173 761 197 1.630828 1.672862 4.318664 8.126072 0.6742996 53.57845 3.128037
Car 0 2 1.640569 541 183 563 201 1.530483 1.680223 3.862273 -6.322349 1.236942 66.89566 1.546338
Car 0 1 1.658608 548 184 568 199 1.420148 1.552787 3.85067 -6.258458 1.17417 72.40344 1.572384
Car 0 2 1.624411 553 183 570 198 1.427379 1.478135 3.709917 -6.299878 1.123437 77.27541 1.543066
Car 0 1 1.623596 556 183 573 197 1.400546 1.647438 4.024915 -6.391289 1.06304 83.26553 1.546989
Car 0 1 3.016773 682 174 719 191 1.639204 1.585631 3.989951 8.696123 0.36852 79.23932 3.12608
Car 0 3 2.99678 685 174 711 190 1.719717 1.682953 2.781201 8.680401 0.3411261 81.83994 3.102451
Car 0 2 3.005477 677 175 707 190 1.674444 1.672834 3.425593 8.262636 0.336588 84.14627 3.103357
Car 0 1 -0.412693 861 163 920 187 1.736666 1.796667 4.374446 22.31378 -0.09034348 60.09206 -0.05714664
Car 0 2 -0.3219104 847 166 906 186 1.55 1.85 4.65 22.33439 -0.1272252 63.40471 0.01676861
Car 0 1 -0.30218 804 169 847 185 1.532222 1.85 4.267781 22.24803 -0.2894326 78.77329 -0.02691829
Car 0 2 -0.2845215 797 168 840 185 1.665556 1.85 4.490002 22.27172 -0.3206654 81.55037 -0.01791906
Car 0 3 -0.2924712 794 169 839 184 1.532222 1.85 4.943336 22.82883 -0.3791656 84.43552 -0.0284145
Car 0 3 -0.3042829 792 169 835 184 1.567778 1.85 4.916665 23.09726 -0.4195575 86.95273 -0.0446486
Car 0 2 3.023859 670 176 701 190 1.56902 1.615801 3.690002 7.783758 0.3291163 86.99964 3.11309
Car 0 1 1.667977 562 183 579 195 1.426384 1.614783 4.125178 -6.298855 0.9764263 90.84595 1.598752
Car 0 1 -1.635151 636 179 653 192 1.471051 1.596091 3.865517 2.789984 0.5932294 85.17101 -1.602405
Car 0 2 -1.616145 635 178 650 191 1.571396 1.572021 4.042688 2.703421 0.5371753 90.7382 -1.58636
Car 0 2 1.630495 566 182 580 194 1.481957 1.499868 3.577903 -6.317009 0.9138592 96.70552 1.565266
Car 0 3 1.477392 633 179 648 190 1.455476 1.614714 3.60968 2.71306 0.4308391 100.5139 1.504377
Car 0 1 1.700053 570 182 585 193 1.484442 1.564952 4.090225 -6.363506 0.8163402 105.9206 1.640047
Car 0 2 -1.661865 631 179 645 190 1.462216 1.667148 3.889512 2.499683 0.3787158 106.291 -1.638352
Car 0 2 1.623779 575 181 587 191 1.561269 1.630639 3.624328 -6.650599 0.6682426 120.8931 1.568823
Car 0 2 -1.653069 628 179 641 189 1.508927 1.600727 3.541442 2.19186 0.3009928 114.8587 -1.633988
Car 0 3 -1.697708 628 179 640 188 1.531034 1.504644 3.336817 2.214626 0.2410083 120.2949 -1.679301
Car 0 2 1.605329 578 182 588 190 1.456842 1.426118 3.51561 -6.592321 0.6102251 125.9873 1.553051
Car 0 0 -0.4199355 882 157 958 188 2.059121 2.073281 4.939535 22.1231 -0.01215506 53.73344 -0.02936711
Car 0 2 -2.993275 549 180 572 190 1.945312 1.892187 4.609375 -12.48313 0.6314247 150.6421 -3.075952
Car 0 0 1.697984 518 187 565 218 1.406945 1.755342 4.396943 -3.942057 1.445851 36.85146 1.591418
