Car 0.04514104 0 2.149889 0 209 271 374 1.530483 1.680223 3.862273 -6.210584 1.905525 9.283539 1.56028
Car 0 0 1.975768 231 204 392 293 1.420148 1.552787 3.85067 -6.069971 1.845206 14.78994 1.586318
Car 0 1 1.855212 343 198 441 262 1.427379 1.478135 3.709917 -6.04349 1.797222 19.66202 1.557009
Car 0 1 1.792591 408 195 484 242 1.400546 1.647438 4.024915 -6.051401 1.740447 25.65288 1.56093
Car 0 0 2.743254 850 160 1003 224 1.639204 1.585631 3.989951 8.973801 0.9544529 21.41633 3.140046
Car 0 2 2.758077 842 161 944 218 1.719717 1.682953 2.781201 8.994324 0.928489 24.01693 3.116409
Car 0 1 2.801299 805 164 912 216 1.674444 1.672834 3.425593 8.608865 0.9276123 26.32889 3.117315
Car 0.97793 1 -0.7685051 1225 146 1241 196 1.665556 1.85 4.490002 22.57609 0.1860102 23.53757 -0.003954198
Car 0.6110684 0 -0.7345755 1172 149 1241 194 1.532222 1.85 4.943336 23.17319 0.1256918 26.41467 -0.01445294
Car 0.2076237 1 -0.712439 1133 148 1241 192 1.567778 1.85 4.916665 23.47658 0.08500326 28.92791 -0.03069218
Car 0 1 2.854135 774 169 874 213 1.56902 1.615801 3.690002 8.169935 0.9244453 29.18868 3.127051
Car 0 1 1.78703 462 190 519 226 1.426384 1.614783 4.125178 -5.853375 1.657183 33.2313 1.612678
Car 0 0 -1.702895 676 179 734 223 1.471051 1.596091 3.865517 3.152703 1.21721 27.42996 -1.588461
Car 0 1 -1.667405 668 177 713 215 1.571396 1.572021 4.042688 3.143745 1.164531 32.99785 -1.572421
Car 0 1 1.726247 492 188 532 219 1.481957 1.499868 3.577903 -5.789876 1.597736 39.09059 1.579202
Car 0 2 1.441574 658 180 695 206 1.455476 1.614714 3.60968 3.289598 1.063163 42.77252 1.518332
Car 0 0 1.771578 516 186 552 211 1.484442 1.564952 4.090225 -5.707951 1.50523 48.30549 1.65396
Car 0 1 -1.689324 652 180 685 203 1.462216 1.667148 3.889512 3.156808 1.015275 48.55206 -1.624396
Car 0 1 1.673943 542 184 566 203 1.561269 1.630639 3.624328 -5.786297 1.366531 63.28065 1.582757
Car 0 2 -1.671953 645 179 672 200 1.508927 1.600727 3.541442 2.968477 0.9437806 57.12328 -1.620034
Car 0 2 -1.714319 644 179 668 198 1.531034 1.504644 3.336817 3.066988 0.8864555 62.55871 -1.665332
Car 0 1 1.649541 551 185 570 201 1.456842 1.426118 3.51561 -5.657071 1.310787 68.37355 1.566991
Car 0 3 -1.629927 648 180 666 196 1.393046 1.452511 3.435073 3.389513 0.8159814 68.08076 -1.580181
Car 0 2 -2.942226 515 181 552 198 1.945312 1.892187 4.609375 -11.20195 1.379569 93.10838 -3.061961
