Car 0.7767462 0 -2.338296 928 185 1241 374 1.404795 1.612032 3.772344 2.987313 1.429984 3.094968 -1.570596
Car 0 0 -1.809455 765 182 965 323 1.413269 1.567278 3.158158 2.941698 1.393337 9.227631 -1.500847
Car 0 0 1.998565 204 206 378 309 1.527328 1.555003 3.576751 -5.98561 1.973354 13.71467 1.587046
Car 0 0 1.724901 477 194 521 226 1.417371 1.540477 3.504343 -6.026051 1.829109 36.38952 1.560792
Car 0 1 -1.64984 658 180 698 210 1.512623 1.746308 3.775172 3.142611 1.18056 39.93333 -1.571305
Car 0 1 1.723702 498 193 537 220 1.360295 1.513462 4.017023 -5.912171 1.785208 41.9626 1.583732
Car 0 0 1.683514 523 186 555 213 1.73687 1.652467 4.107703 -5.588765 1.709285 50.27003 1.572794
Car 0 2 1.685864 534 187 562 209 1.609242 1.638188 3.998 -5.641511 1.669899 56.90017 1.58704
Car 0 1 1.651914 551 188 574 205 1.431419 1.697305 3.744055 -5.433802 1.585281 67.7663 1.571901
Car 0 0 -1.616276 645 180 662 194 1.546081 1.6639 4.146974 4.040009 0.7992202 89.30937 -1.571071
Car 0 1 -3.249442 684 177 725 192 1.473782 1.69797 4.648869 9.462435 0.4755943 82.16093 -3.134778
Car 0 2 -3.24319 684 173 721 192 1.909038 1.812069 4.330702 9.653749 0.4424968 85.25272 -3.130433
Car 0 1 -1.519072 577 184 592 198 1.632486 1.608983 3.812409 -4.645432 1.363595 93.66354 -1.568629
Car 0 0 1.621282 571 186 588 200 1.430527 1.566407 3.482533 -4.680952 1.437718 82.60418 1.564676
Car 0 3 -3.246708 680 176 714 191 1.630828 1.672862 4.318664 9.65379 0.4023743 91.44094 -3.141524
Car 0 2 1.603786 582 185 596 196 1.530483 1.680223 3.862273 -4.595108 1.286964 104.9542 1.560032
Car 0 2 1.626366 585 185 598 195 1.420148 1.552787 3.85067 -4.456032 1.241774 110.4608 1.586048
Car 0 2 1.595162 587 185 598 195 1.427379 1.478135 3.709917 -4.43082 1.208467 115.333 1.556763
Car 0 2 1.597263 588 185 600 194 1.400546 1.647438 4.024915 -4.440264 1.170271 121.324 1.560681
Car 0 2 3.049644 674 177 699 188 1.639204 1.585631 3.989951 10.57382 0.1732993 117.0925 3.139703
Car 0 3 3.027769 676 177 694 188 1.719717 1.682953 2.781201 10.59366 0.1550848 119.6931 3.116046
Car 0 2 3.03348 671 177 692 188 1.674444 1.672834 3.425593 10.20792 0.1664157 122.005 3.116953
Car 0 3 3.048623 667 178 688 188 1.56902 1.615801 3.690002 9.76862 0.1778495 124.8647 3.126698
Car 0 2 1.645301 591 184 603 193 1.426384 1.614783 4.125178 -4.244352 1.10777 128.9026 1.612386
Car 0 1 -1.627317 643 181 655 190 1.471051 1.596091 3.865517 4.755909 0.5312779 123.1042 -1.588703
Car 0 2 -1.60954 642 180 653 190 1.571396 1.572021 4.042688 4.745518 0.495888 128.6723 -1.572677
Car 0 2 1.609964 593 184 603 193 1.481957 1.499868 3.577903 -4.182417 1.065557 134.7621 1.578938
Car 0 3 1.482822 641 181 652 189 1.455476 1.614714 3.60968 4.888756 0.4227438 138.4472 1.518119
Car 0 1 1.682122 595 184 605 192 1.484442 1.564952 4.090225 -4.102913 1.00039 143.9772 1.653633
Car 0 1 -1.657563 639 181 650 189 1.462216 1.667148 3.889512 4.754585 0.3944278 144.2269 -1.624609
Car 0 2 1.608813 597 183 606 191 1.561269 1.630639 3.624328 -4.185059 0.9089057 158.9527 1.58249
Car 0 2 -1.650112 638 181 647 188 1.508927 1.600727 3.541442 4.564194 0.3518479 152.7982 -1.62025
Car 0 3 -1.694961 638 181 647 188 1.531034 1.504644 3.336817 4.661224 0.309988 158.2338 -1.665511
Car 0 3 1.591464 599 184 606 191 1.456842 1.426118 3.51561 -4.057247 0.8671658 164.0458 1.566737
Car 0 1 -0.268802 787 165 829 183 2.059121 2.073281 4.939535 23.63596 -0.5513916 91.40523 -0.01576042
Car 0 2 -3.011405 575 183 593 191 1.945312 1.892187 4.609375 -9.603981 1.085267 188.7793 -3.062236
Car 0 2 -1.042351 160 213 228 242 1.429688 1.8 3.960938 -25.80311 3.128695 44.07022 -1.57204
Car 0 1 -1.085232 204 211 266 238 1.399088 1.6037 3.967162 -23.35815 2.961583 44.11539 -1.572183
Car 0 1 -1.121156 241 206 306 237 1.494964 1.698646 4.507233 -20.70407 2.784451 43.50533 -1.565336
Car 0 2 -1.175341 287 204 345 233 1.5 1.558375 4.451755 -18.25434 2.616069 43.69632 -1.571059
