Car 0.03562927 0 -1.954657 825 183 1213 374 1.413269 1.567278 3.158158 2.887637 1.416967 5.919337 -1.500792
Car 0 0 2.112997 42 211 308 356 1.527328 1.555003 3.576751 -6.040719 1.972874 10.40735 1.587093
Car 0 0 1.742597 461 194 510 230 1.417371 1.540477 3.504343 -6.080154 1.800457 33.082 1.560835
Car 0 1 -1.655429 660 179 704 212 1.512623 1.746308 3.775172 3.08995 1.166571 36.62476 -1.571261
Car 0 1 1.73691 486 193 529 222 1.360295 1.513462 4.017023 -5.966012 1.749889 38.65502 1.583779
Car 0 0 1.692408 515 185 550 214 1.73687 1.652467 4.107703 -5.642188 1.664347 46.96235 1.572839
Car 0 2 1.692948 527 186 558 210 1.609242 1.638188 3.998 -5.694641 1.616638 53.59243 1.587087
Car 0 1 1.656857 546 187 571 205 1.431419 1.697305 3.744055 -5.486426 1.518992 64.45844 1.571946
Car 0 0 -1.617385 646 179 663 193 1.546081 1.6639 4.146974 3.989662 0.7259315 86.00025 -1.571027
Car 0 1 -3.253475 686 176 729 192 1.473782 1.69797 4.648869 9.412533 0.4224286 78.85127 -3.134666
Car 0 2 -3.246993 686 172 725 191 1.909038 1.812069 4.330702 9.60401 0.3858986 81.94299 -3.130322
Car 0 1 -1.516649 575 183 591 197 1.632486 1.608983 3.812409 -4.696789 1.266864 90.35537 -1.568584
Car 0 0 1.624334 568 186 586 200 1.430527 1.566407 3.482533 -4.732811 1.354613 79.29611 1.564719
Car 0 3 -3.24996 682 175 718 190 1.630828 1.672862 4.318664 9.604338 0.3381109 88.13117 -3.141411
Car 0 2 1.60575 580 184 594 196 1.530483 1.680223 3.862273 -4.64596 1.176351 101.6459 1.560075
Car 0 2 1.628128 584 184 597 195 1.420148 1.552787 3.85067 -4.506611 1.124629 107.1524 1.586094
Car 0 2 1.596786 586 184 597 194 1.427379 1.478135 3.709917 -4.481192 1.085339 112.0246 1.556806
Car 0 1 1.598755 587 184 599 193 1.400546 1.647438 4.024915 -4.490356 1.039702 118.0155 1.560724
Car 0 2 3.047572 675 176 701 188 1.639204 1.585631 3.989951 10.52564 0.07917166 113.7823 3.139816
Car 0 3 3.025799 677 176 695 187 1.719717 1.682953 2.781201 10.5456 0.0577774 116.383 3.116163
Car 0 2 3.031681 672 176 694 188 1.674444 1.672834 3.425593 10.1599 0.0654428 118.6949 3.11707
Car 0 3 3.047013 668 177 690 188 1.56902 1.615801 3.690002 9.720654 0.07242131 121.5546 3.126813
Car 0 2 1.646613 590 184 602 193 1.426384 1.614783 4.125178 -4.294079 0.9682206 125.5941 1.612437
Car 0 1 -1.627935 643 180 655 189 1.471051 1.596091 3.865517 4.707184 0.4176137 119.7948 -1.588661
Car 0 2 -1.610082 643 179 653 189 1.571396 1.572021 4.042688 4.697041 0.3753052 125.3627 -1.572632
Car 0 2 1.611165 592 183 602 192 1.481957 1.499868 3.577903 -4.231869 0.9188774 131.4535 1.578984
Car 0 2 1.48235 641 180 652 188 1.455476 1.614714 3.60968 4.840714 0.29035 135.1376 1.518156
Car 0 1 1.683197 594 183 605 191 1.484442 1.564952 4.090225 -4.151966 0.8424609 140.6686 1.65369
Car 0 2 -1.657961 640 180 651 188 1.462216 1.667148 3.889512 4.706795 0.2545955 140.9172 -1.624572
Car 0 2 1.609729 597 183 605 190 1.561269 1.630639 3.624328 -4.233433 0.7322552 155.644 1.582537
Car 0 2 -1.650418 638 180 648 188 1.508927 1.600727 3.541442 4.516769 0.2010026 149.4885 -1.620212
Car 0 3 -1.695254 638 180 647 187 1.531034 1.504644 3.336817 4.614056 0.1526108 154.924 -1.66548
Car 0 2 1.592317 599 183 606 190 1.456842 1.426118 3.51561 -4.105377 0.6844718 160.737 1.566781
Car 0 2 -0.2772726 793 164 837 183 2.059121 2.073281 4.939535 23.58846 -0.586556 88.09387 -0.01564508
Car 0 2 -3.010143 574 182 592 190 1.945312 1.892187 4.609375 -9.651794 0.8604081 185.4709 -3.062135
Car 0 3 1.014484 972 143 1047 182 2.29979 2.017562 4.728489 24.7892 -0.3435233 46.31978 1.505874
Car 0 1 -1.006694 120 213 197 245 1.429688 1.8 3.960938 -25.85963 3.049431 40.76488 -1.571996
Car 0 2 -1.05125 168 211 237 242 1.399088 1.6037 3.967162 -23.41433 2.887344 40.80977 -1.572139
Car 0 1 -1.088591 207 207 281 240 1.494964 1.698646 4.507233 -20.7599 2.716484 40.19942 -1.565291
Car 0 1 -1.1454 257 204 322 236 1.5 1.558375 4.451755 -18.30982 2.552955 40.39012 -1.571015
