Car 0.02631354 0 2.154245 0 214 253 351 1.431419 1.697305 3.744055 -7.024483 1.919895 10.37438 1.559055
Car 0 0 -1.651864 647 178 695 217 1.546081 1.6639 4.146974 2.180075 1.195076 32.036 -1.583918
Car 0 1 2.836439 774 169 919 220 1.473782 1.69797 4.648869 7.698628 0.9736048 24.95758 3.135647
Car 0 1 2.867112 764 159 885 215 1.909038 1.812069 4.330702 7.850375 0.9325919 28.05145 3.139988
Car 0 1 -1.402367 464 186 511 222 1.632486 1.608983 3.812409 -6.568167 1.620269 36.27882 -1.581474
Car 0 2 1.802637 396 194 468 242 1.430527 1.566407 3.482533 -6.461649 1.731982 25.22024 1.551823
Car 0 2 2.905727 738 169 834 208 1.630828 1.672862 4.318664 7.770927 0.8711525 34.239 3.128907
Car 0 1 1.686337 501 186 535 211 1.530483 1.680223 3.862273 -6.662855 1.505462 47.56885 1.547175
Car 0 1 1.696824 515 186 545 208 1.420148 1.552787 3.85067 -6.594404 1.443292 53.0766 1.573214
Car 0 1 1.65785 525 186 549 205 1.427379 1.478135 3.709917 -6.631765 1.393561 57.94859 1.543904
Car 0 1 1.652513 532 185 556 203 1.400546 1.647438 4.024915 -6.718181 1.334592 63.93882 1.547825
Car 0 0 2.988243 697 173 747 195 1.639204 1.585631 3.989951 8.362158 0.5668654 59.89941 3.12695
Car 0 3 2.970524 700 172 735 194 1.719717 1.682953 2.781201 8.348598 0.5399761 62.50005 3.103315
Car 0 2 2.982419 690 173 729 194 1.674444 1.672834 3.425593 7.932854 0.5378274 64.80675 3.104221
Car 0 1 -0.5506752 966 154 1058 189 1.736666 1.796667 4.374446 21.96054 0.03936756 40.74022 -0.05628687
Car 0 1 -0.4452279 939 159 1028 189 1.55 1.85 4.65 21.98389 0.002933025 44.05286 0.01764685
Car 0 1 -0.3793107 859 165 918 186 1.532222 1.85 4.267781 21.91033 -0.1563236 59.42154 -0.0260509
Car 0 2 3.004196 681 175 721 193 1.56902 1.615801 3.690002 7.456461 0.533129 67.66054 3.113957
Car 0 1 1.691868 542 184 564 200 1.426384 1.614783 4.125178 -6.619467 1.248785 71.51915 1.599576
Car 0 1 -1.638951 637 179 659 196 1.471051 1.596091 3.865517 2.462408 0.8209511 65.83627 -1.601566
Car 0 2 -1.618851 635 178 655 195 1.571396 1.572021 4.042688 2.380489 0.7662317 71.40354 -1.585525
Car 0 2 1.651607 549 184 567 198 1.481957 1.499868 3.577903 -6.632747 1.187272 77.37875 1.566098
Car 0 2 1.475691 633 179 651 193 1.455476 1.614714 3.60968 2.398251 0.6614618 81.17924 1.505225
Car 0 1 1.717753 555 183 574 196 1.484442 1.564952 4.090225 -6.671579 1.091496 86.59389 1.640861
Car 0 2 -1.662681 630 179 648 192 1.462216 1.667148 3.889512 2.189726 0.6113175 86.95653 -1.637504
Car 0 1 1.637938 564 182 578 194 1.561269 1.630639 3.624328 -6.946159 0.9472495 101.5667 1.569654
Car 0 2 -1.652914 628 179 643 191 1.508927 1.600727 3.541442 1.889086 0.5364884 95.52453 -1.633141
Car 0 3 -1.697421 627 179 642 190 1.531034 1.504644 3.336817 1.916372 0.4772911 100.9608 -1.678442
Car 0 2 1.618335 568 183 580 193 1.456842 1.426118 3.51561 -6.883673 0.8897922 106.6608 1.553886
Car 0 0 -0.5928519 1017 143 1145 192 2.059121 2.073281 4.939535 21.76462 0.1174235 34.38176 -0.02850039
Car 0 2 -2.978256 537 181 563 192 1.945312 1.892187 4.609375 -12.75253 0.9433832 131.3208 -3.075062
Car 0 0 1.90126 215 204 452 340 1.406945 1.755342 4.396943 -3.839449 1.745733 10.65269 1.555333
Car 0 1 1.789083 404 195 503 262 1.414443 1.655112 3.354591 -4.093549 1.67731 18.38183 1.569963
