Car 0 1 1.968173 212 206 366 290 1.431419 1.697305 3.744055 -7.074035 1.951335 15.96339 1.551038
Car 0 0 -1.643697 639 180 679 213 1.546081 1.6639 4.146974 1.953165 1.238117 37.6999 -1.591935
Car 0 1 2.886828 742 172 857 213 1.473782 1.69797 4.648869 7.526345 0.959317 30.66645 3.127497
Car 0 2 2.908923 736 163 835 210 1.909038 1.812069 4.330702 7.653215 0.9272628 33.76154 3.13184
Car 0 1 -1.427897 481 188 521 219 1.632486 1.608983 3.812409 -6.825695 1.731832 41.87146 -1.589491
Car 0 3 1.755757 435 194 490 233 1.430527 1.566407 3.482533 -6.630509 1.807449 30.81378 1.543809
Car 0 2 2.934589 717 171 798 205 1.630828 1.672862 4.318664 7.524164 0.886145 39.94843 3.120755
Car 0 1 1.670287 509 188 539 211 1.530483 1.680223 3.862273 -7.010915 1.653789 53.16068 1.539162
Car 0 1 1.68372 521 188 547 208 1.420148 1.552787 3.85067 -6.986667 1.608834 58.66897 1.565192
Car 0 2 1.646597 529 188 550 206 1.427379 1.478135 3.709917 -7.063098 1.574946 63.54065 1.535892
Car 0 1 1.642962 534 188 556 204 1.400546 1.647438 4.024915 -7.197535 1.535709 69.53014 1.539813
Car 0 0 2.998832 686 175 731 195 1.639204 1.585631 3.989951 7.909321 0.6603522 65.61357 3.118797
Car 0 2 2.980218 689 175 720 194 1.719717 1.682953 2.781201 7.874912 0.6418794 68.21408 3.095153
Car 0 2 2.990931 679 175 715 194 1.674444 1.672834 3.425593 7.440823 0.649731 70.5174 3.09606
Car 0 2 -0.4997709 919 157 997 188 1.736666 1.796667 4.374446 21.65608 -0.01390958 46.56519 -0.06445555
Car 0 1 -0.4000603 897 162 974 188 1.55 1.85 4.65 21.65285 -0.03987789 49.87801 0.009506336
Car 0 0 -0.3519166 833 167 886 186 1.532222 1.85 4.267781 21.45604 -0.149437 65.24604 -0.03420816
Car 0 2 -0.3307972 823 166 876 186 1.665556 1.85 4.490002 21.45973 -0.171592 68.0233 -0.02520323
Car 0 3 -0.3364766 819 167 873 186 1.532222 1.85 4.943336 21.99575 -0.2265656 70.91251 -0.03570537
Car 0 3 -0.3461077 814 167 867 185 1.567778 1.85 4.916665 22.2459 -0.2614677 73.43169 -0.05194953
Car 0 2 3.011464 671 177 708 194 1.56902 1.615801 3.690002 6.941723 0.6571665 73.36729 3.105799
Car 0 1 1.684126 543 187 563 201 1.426384 1.614783 4.125178 -7.159664 1.473567 77.11127 1.591543
Car 0 1 -1.63704 631 181 651 197 1.471051 1.596091 3.865517 1.964252 0.9705021 71.50237 -1.609576
Car 0 2 -1.617382 629 180 647 196 1.571396 1.572021 4.042688 1.837702 0.9341327 77.06895 -1.593541
Car 0 2 1.644878 549 186 566 200 1.481957 1.499868 3.577903 -7.21995 1.430909 82.97073 1.558078
Car 0 2 1.476768 627 181 644 194 1.455476 1.614714 3.60968 1.77704 0.860569 86.84477 1.497228
Car 0 1 1.712187 554 185 572 198 1.484442 1.564952 4.090225 -7.332684 1.3649 92.18553 1.632811
Car 0 2 -1.661934 624 181 641 194 1.462216 1.667148 3.889512 1.522255 0.8302423 92.62034 -1.645501
Car 0 1 1.633621 562 184 575 196 1.561269 1.630639 3.624328 -7.727268 1.270344 107.156 1.561633
Car 0 2 -1.652534 622 181 636 193 1.508927 1.600727 3.541442 1.153 0.7847499 101.1859 -1.641139
Car 0 3 -1.697084 622 181 635 192 1.531034 1.504644 3.336817 1.136671 0.7427965 106.6223 -1.686424
Car 0 2 1.614411 565 185 576 195 1.456842 1.426118 3.51561 -7.705658 1.228814 112.2507 1.545871
Car 0 1 -0.5279413 956 148 1062 190 2.059121 2.073281 4.939535 21.51125 0.04500675 40.20516 -0.03665854
Car 0 2 -2.982908 535 183 560 195 1.945312 1.892187 4.609375 -13.77005 1.398258 136.8628 -3.083183
Car 0 0 1.797807 388 198 508 272 1.406945 1.755342 4.396943 -3.967066 1.752619 17.52391 1.57518
Car 0 1 1.728684 471 193 533 237 1.414443 1.655112 3.354591 -4.269886 1.698381 26.69216 1.570061
