Car 0 0 -1.728679 694 176 806 259 1.546081 1.6639 4.146974 2.679957 1.32468 15.75268 -1.560165
Car 0.6546664 0 -3.878138 1066 165 1241 308 1.473782 1.69797 4.648869 8.031414 1.182933 8.545098 -3.123718
Car 0.09224045 1 -3.736575 976 134 1241 270 1.909038 1.812069 4.330702 8.256691 1.132092 11.63434 -3.11938
Car 0 0 -1.270427 349 186 452 254 1.632486 1.608983 3.812409 -5.969182 1.648997 20.20255 -1.557719
Car 0.03765655 0 2.165742 0 210 264 364 1.430527 1.566407 3.482533 -6.125358 1.80217 9.145056 1.575573
Car 0 1 -3.567422 863 160 1064 236 1.630828 1.672862 4.318664 8.324223 1.047261 17.82175 -3.130454
Car 0 0 1.752927 456 185 514 224 1.530483 1.680223 3.862273 -5.795675 1.491999 31.49114 1.570922
Car 0 1 1.747109 487 186 532 217 1.420148 1.552787 3.85067 -5.596364 1.410365 36.99545 1.596976
Car 0 1 1.698693 506 185 542 212 1.427379 1.478135 3.709917 -5.517988 1.342462 41.86674 1.56765
Car 0 1 1.685215 520 184 554 207 1.400546 1.647438 4.024915 -5.462112 1.260754 47.85706 1.571573
Car 0 1 -3.348171 745 169 815 199 1.639204 1.585631 3.989951 9.525173 0.654951 43.45966 -3.13241
Car 0 3 2.922222 747 169 796 198 1.719717 1.682953 2.781201 9.5734 0.6184235 46.05978 3.127152
Car 0 3 2.939877 732 170 786 197 1.674444 1.672834 3.425593 9.212378 0.6037865 48.37563 3.128058
Car 0 3 -0.4978736 970 160 1057 189 1.532222 1.85 4.267781 23.06461 0.06571591 42.65915 -0.002220188
Car 0 3 -0.4645749 949 159 1033 189 1.665556 1.85 4.490002 23.15657 0.02493072 45.43468 0.006776559
Car 0 3 -0.4630386 926 162 1005 187 1.567778 1.85 4.916665 24.11489 -0.08868575 50.81479 -0.01994573
Car 0 3 2.967637 718 172 773 196 1.56902 1.615801 3.690002 8.803688 0.5840082 51.23983 3.137789
Car 0 1 1.716587 537 183 567 203 1.426384 1.614783 4.125178 -5.183297 1.148203 55.43256 1.623351
Car 0 0 -1.65369 661 177 691 200 1.471051 1.596091 3.865517 3.765324 0.8297647 49.53516 -1.577822
Car 0 2 -1.630909 659 176 684 198 1.571396 1.572021 4.042688 3.815653 0.7538967 55.10255 -1.561773
Car 0 1 1.672184 549 181 572 200 1.481957 1.499868 3.577903 -5.057378 1.065142 61.29055 1.589856
Car 0 2 1.466363 655 177 678 194 1.455476 1.614714 3.60968 4.065651 0.6135684 64.87463 1.528951
Car 0 1 1.733725 558 181 582 197 1.484442 1.564952 4.090225 -4.877291 0.9353054 70.50361 1.664657
Car 0 1 -1.670251 651 177 673 193 1.462216 1.667148 3.889512 3.994341 0.5402724 70.65499 -1.613778
Car 0 1 1.649465 571 179 588 193 1.561269 1.630639 3.624328 -4.796219 0.733651 85.47803 1.593413
Car 0 2 -1.658564 647 177 666 191 1.508927 1.600727 3.541442 3.897192 0.4311923 79.22735 -1.609413
Car 0 3 -1.702582 647 176 664 190 1.531034 1.504644 3.336817 4.053623 0.3523906 84.66113 -1.654738
Car 0 2 1.628524 577 180 591 192 1.456842 1.426118 3.51561 -4.6127 0.6581836 90.56902 1.577638
Car 0 2 -2.965699 544 177 573 191 1.945312 1.892187 4.609375 -9.896847 0.5643682 115.3608 -3.05128
