Car 0.8874386 0 2.358979 0 208 109 374 1.73687 1.652467 4.107703 -6.810972 2.013039 6.532367 1.552704
Car 0 0 2.055624 111 203 324 318 1.609242 1.638188 3.998 -6.996931 1.985616 13.16016 1.566959
Car 0 1 1.835572 362 200 448 251 1.431419 1.697305 3.744055 -7.007438 1.923445 24.02842 1.551811
Car 0 0 -1.635657 637 182 670 208 1.546081 1.6639 4.146974 2.037435 1.269457 45.75945 -1.591162
Car 0 0 2.934193 719 175 809 208 1.473782 1.69797 4.648869 7.605677 0.9847835 38.72232 3.12814
Car 0 2 2.949579 716 168 794 206 1.909038 1.812069 4.330702 7.734955 0.9593507 41.81738 3.132482
Car 0 2 -1.454578 506 188 538 214 1.632486 1.608983 3.812409 -6.739006 1.758093 49.9367 -1.588718
Car 0 2 1.711546 477 193 518 223 1.430527 1.566407 3.482533 -6.552368 1.811069 38.87874 1.544581
Car 0 2 2.964165 702 175 769 203 1.630828 1.672862 4.318664 7.610685 0.9308695 48.00443 3.121398
Car 0 1 1.652408 526 188 551 208 1.530483 1.680223 3.862273 -6.915498 1.703186 61.22619 1.539935
Car 0 1 1.668802 534 189 557 206 1.420148 1.552787 3.85067 -6.88698 1.669699 66.73454 1.565966
Car 0 2 1.633553 541 188 559 204 1.427379 1.478135 3.709917 -6.959647 1.6458 71.60633 1.536664
Car 0 1 1.631695 545 188 564 203 1.400546 1.647438 4.024915 -7.089448 1.618783 77.59599 1.540585
Car 0 1 3.01106 680 177 720 195 1.639204 1.585631 3.989951 8.015766 0.758937 73.66968 3.11944
Car 0 3 2.991506 683 177 711 194 1.719717 1.682953 2.781201 7.98336 0.7458067 76.27026 3.095798
Car 0 2 3.000898 674 177 707 194 1.674444 1.672834 3.425593 7.55102 0.7577589 78.57388 3.096705
Car 0 1 -0.4428011 877 163 942 189 1.736666 1.796667 4.374446 21.74903 0.06665874 54.61222 -0.06380874
Car 0 2 -0.3490245 861 166 926 189 1.55 1.85 4.65 21.74837 0.04755926 57.92509 0.01014674
Car 0 1 -0.3196978 811 170 857 187 1.532222 1.85 4.267781 21.56345 -0.03041744 73.29346 -0.03356418
Car 0 2 -0.3008505 803 169 850 187 1.665556 1.85 4.490002 21.56929 -0.046803 76.07076 -0.02455996
Car 0 3 -0.3080569 800 170 848 187 1.532222 1.85 4.943336 22.1076 -0.09494328 78.95966 -0.03506108
Car 0 2 -0.3191348 796 170 843 187 1.567778 1.85 4.916665 22.35973 -0.1242261 81.47871 -0.05130394
Car 0 2 3.020025 667 179 700 194 1.56902 1.615801 3.690002 7.054085 0.770327 81.42413 3.106443
Car 0 2 1.67485 551 187 570 201 1.426384 1.614783 4.125178 -7.04571 1.572431 85.1772 1.59232
Car 0 1 -1.634875 631 183 649 197 1.471051 1.596091 3.865517 2.074705 1.072004 79.56238 -1.608805
Car 0 2 -1.6157 629 182 645 196 1.571396 1.572021 4.042688 1.952459 1.046988 85.12912 -1.592768
Car 0 2 1.636701 557 187 571 199 1.481957 1.499868 3.577903 -7.101454 1.541838 91.03677 1.558852
Car 0 2 1.477985 627 183 643 195 1.455476 1.614714 3.60968 1.899366 0.993615 94.90511 1.497996
Car 0 1 1.705357 560 186 576 198 1.484442 1.564952 4.090225 -7.20706 1.494774 100.2518 1.63359
Car 0 2 -1.66111 625 183 640 194 1.462216 1.667148 3.889512 1.649027 0.9748746 100.6809 -1.644732
Car 0 1 1.628185 567 186 579 196 1.561269 1.630639 3.624328 -7.590078 1.430666 115.2227 1.562407
Car 0 2 -1.652145 623 183 636 193 1.508927 1.600727 3.541442 1.286377 0.9465784 109.2468 -1.640371
Car 0 3 -1.696771 622 182 635 193 1.531034 1.504644 3.336817 1.274254 0.9158809 114.6833 -1.68566
Car 0 2 1.609433 570 186 580 195 1.456842 1.426118 3.51561 -7.564533 1.399742 120.3174 1.546644
Car 0 0 -0.4568979 903 155 988 190 2.059121 2.073281 4.939535 21.59927 0.1121504 48.25219 -0.03601426
Car 0 2 -2.988913 541 184 564 195 1.945312 1.892187 4.609375 -13.61042 1.610769 144.9338 -3.082546
Car 0 0 1.73332 481 193 547 236 1.406945 1.755342 4.396943 -4.055155 1.725576 28.42193 1.591599
