Car 0 0 2.01092 156 205 362 318 1.530483 1.680223 3.862273 -6.066758 1.930607 12.764 1.567225
Car 0 1 1.905031 321 203 439 272 1.420148 1.552787 3.85067 -5.887924 1.892686 18.26948 1.593259
Car 0 1 1.81065 395 199 473 251 1.427379 1.478135 3.709917 -5.827615 1.864659 23.14143 1.563954
Car 0 1 1.764196 442 196 505 237 1.400546 1.647438 4.024915 -5.793926 1.832478 29.13238 1.567875
Car 0 0 -3.491726 826 165 956 220 1.639204 1.585631 3.989951 9.20034 1.007977 24.79476 -3.136415
Car 0 2 2.797864 822 166 909 216 1.719717 1.682953 2.781201 9.23892 0.9926559 27.39524 3.123132
Car 0 1 2.833922 791 168 884 214 1.674444 1.672834 3.425593 8.869552 1.001809 29.7098 3.124038
Car 0.9607835 1 -0.7635485 1220 152 1241 197 1.532222 1.85 4.267781 22.73435 0.2477561 24.04845 -0.006232443
Car 0.4528978 0 -0.7020506 1159 148 1241 196 1.665556 1.85 4.490002 22.81599 0.229117 26.82454 0.002770656
Car 0.07255673 1 -0.6757591 1119 151 1241 194 1.532222 1.85 4.943336 23.433 0.1797657 29.69764 -0.007729152
Car 0 2 -0.6594185 1088 151 1225 193 1.567778 1.85 4.916665 23.75381 0.1489639 32.20886 -0.02397001
Car 0 1 2.879935 765 172 854 212 1.56902 1.615801 3.690002 8.450525 1.010994 32.57256 3.133775
Car 0 1 1.769488 485 193 534 225 1.426384 1.614783 4.125178 -5.543298 1.780035 36.70952 1.619616
Car 0 0 -1.691983 676 182 728 220 1.471051 1.596091 3.865517 3.421588 1.303595 30.84758 -1.581515
Car 0 1 -1.65997 669 180 710 214 1.571396 1.572021 4.042688 3.451292 1.273777 36.41556 -1.565477
Car 0 1 1.71323 509 190 545 218 1.481957 1.499868 3.577903 -5.439125 1.744543 42.56842 1.586144
Car 0 2 1.446099 662 182 696 207 1.455476 1.614714 3.60968 3.665003 1.212316 46.18932 1.525281
Car 0 1 1.762758 529 189 563 212 1.484442 1.564952 4.090225 -5.293221 1.689736 51.78283 1.660892
Car 0 1 -1.686079 655 182 686 204 1.462216 1.667148 3.889512 3.572359 1.188331 51.96978 -1.617448
Car 0 1 1.668441 552 187 574 205 1.561269 1.630639 3.624328 -5.267577 1.6126 66.75861 1.5897
Car 0 2 -1.669903 650 182 674 201 1.508927 1.600727 3.541442 3.443562 1.152275 60.54234 -1.613085
Car 0 2 -1.712585 649 182 672 200 1.531034 1.504644 3.336817 3.579805 1.117116 65.97713 -1.65838
Car 0 2 1.644838 560 188 578 203 1.456842 1.426118 3.51561 -5.102999 1.577573 71.85069 1.573935
Car 0 2 -2.947231 524 184 560 201 1.945312 1.892187 4.609375 -10.47557 1.755653 96.62296 -3.055226
