Car 0 0 1.861566 343 199 439 260 1.417371 1.540477 3.504343 -6.270654 1.814599 20.24805 1.561242
Car 0 0 -1.692374 675 177 746 230 1.512623 1.746308 3.775172 2.904883 1.234825 23.78599 -1.57085
Car 0 1 1.818172 408 196 481 242 1.360295 1.513462 4.017023 -6.154167 1.750023 25.82088 1.584196
Car 0 0 1.742354 468 184 521 225 1.73687 1.652467 4.107703 -5.826791 1.644662 34.12783 1.573251
Car 0 1 1.730701 493 185 536 217 1.609242 1.638188 3.998 -5.87654 1.578984 40.75779 1.587506
Car 0 1 1.681633 525 186 556 209 1.431419 1.697305 3.744055 -5.663768 1.453925 51.62342 1.572357
Car 0 0 -1.622855 649 178 669 194 1.546081 1.6639 4.146974 3.825298 0.6692984 73.15983 -1.570615
Car 0 2 -3.273346 697 174 748 193 1.473782 1.69797 4.648869 9.247574 0.4223434 66.00824 -3.134154
Car 0 2 -3.265591 697 169 743 192 1.909038 1.812069 4.330702 9.440409 0.3789295 69.09978 -3.129812
Car 0 1 -1.505519 566 182 584 198 1.632486 1.608983 3.812409 -4.863132 1.138496 77.51933 -1.568172
Car 0 0 1.638778 556 184 577 201 1.430527 1.566407 3.482533 -4.903717 1.255364 66.46034 1.565128
Car 0 3 -3.265673 691 173 733 191 1.630828 1.672862 4.318664 9.443279 0.3147107 75.2878 -3.140896
Car 0 1 1.614562 573 182 589 196 1.530483 1.680223 3.862273 -4.80765 1.018352 88.80954 1.560481
Car 0 2 1.635944 577 183 592 194 1.420148 1.552787 3.85067 -4.665972 0.9529731 94.31586 1.586513
Car 0 2 1.603942 580 182 593 194 1.427379 1.478135 3.709917 -4.638533 0.9009207 99.1879 1.557211
Car 0 2 1.605268 582 182 595 193 1.400546 1.647438 4.024915 -4.645248 0.839311 105.1787 1.561131
Car 0 1 3.0379 681 174 710 187 1.639204 1.585631 3.989951 10.37553 -0.005964279 100.9379 3.140332
Car 0 3 3.016613 683 174 704 187 1.719717 1.682953 2.781201 10.39656 -0.03412676 103.5385 3.11669
Car 0 2 3.023294 677 174 701 187 1.674444 1.672834 3.425593 10.01165 -0.0352726 105.8505 3.117596
Car 0 3 -0.2420395 803 167 845 182 1.55 1.85 4.65 23.78124 -0.6336391 84.91055 0.03103785
Car 0 2 -0.2467574 777 169 810 182 1.532222 1.85 4.267781 23.91209 -0.8004529 100.2788 -0.01267271
Car 0 3 -0.232245 773 168 806 182 1.665556 1.85 4.490002 23.97499 -0.8329139 103.0552 -0.003668656
Car 0 3 -0.2421034 771 169 807 181 1.532222 1.85 4.943336 24.57252 -0.8980622 105.9321 -0.01416977
Car 0 3 -0.2559024 770 169 804 181 1.567778 1.85 4.916665 24.87634 -0.9420593 108.4453 -0.03041272
Car 0 2 3.039498 672 175 697 187 1.56902 1.615801 3.690002 9.573395 -0.03893065 108.7104 3.127335
Car 0 2 1.652274 585 182 599 192 1.426384 1.614783 4.125178 -4.445765 0.7490634 112.757 1.612867
Car 0 1 -1.63084 645 178 658 189 1.471051 1.596091 3.865517 4.557022 0.2762074 106.9531 -1.588258
Car 0 2 -1.612629 644 178 656 188 1.571396 1.572021 4.042688 4.54916 0.2190428 112.521 -1.572222
Car 0 2 1.616317 588 182 599 191 1.481957 1.499868 3.577903 -4.381117 0.6845911 118.6162 1.579399
Car 0 2 1.480156 643 178 655 188 1.455476 1.614714 3.60968 4.696926 0.1091249 122.2955 1.518543
Car 0 1 1.687745 590 181 602 190 1.484442 1.564952 4.090225 -4.297384 0.5842566 127.831 1.65414
Car 0 2 -1.659816 641 178 653 187 1.462216 1.667148 3.889512 4.565304 0.05709481 128.0751 -1.624185
Car 0 2 1.613564 594 181 603 189 1.561269 1.630639 3.624328 -4.372746 0.4337192 142.8061 1.582953
Car 0 2 -1.651857 639 178 649 187 1.508927 1.600727 3.541442 4.378731 -0.020576 136.6463 -1.619824
Car 0 3 -1.69662 639 178 649 186 1.531034 1.504644 3.336817 4.478291 -0.08272815 142.0816 -1.665111
Car 0 2 1.595868 596 181 604 189 1.456842 1.426118 3.51561 -4.242535 0.3732979 147.8989 1.56719
Car 0 3 -0.3170379 820 161 873 183 2.059121 2.073281 4.939535 23.43344 -0.512991 75.2433 -0.01512296
Car 0 2 -3.005059 570 180 589 189 1.945312 1.892187 4.609375 -9.781181 0.4451327 172.6351 -3.061657
Car 0 0 0.8720871 1096 130 1218 185 2.29979 2.017562 4.728489 24.61754 -0.1507076 33.4696 1.506256
Car 0.3962105 3 -0.8709323 0 219 68 261 1.399088 1.6037 3.967162 -23.60917 2.760894 27.98456 -1.571728
Car 0.01629853 1 -0.9115309 0 213 128 263 1.494964 1.698646 4.507233 -20.95385 2.610041 27.37285 -1.564877
Car 0 2 -0.9793985 69 209 188 259 1.5 1.558375 4.451755 -18.50262 2.462977 27.56229 -1.570603
