Car 0.07726043 0 -1.996793 774 169 1241 374 1.50992 1.85 4.930564 2.904048 1.4341 6.406569 -1.571205
Car 0 1 -1.796513 722 186 866 281 1.404795 1.612032 3.772344 3.008632 1.41593 13.15864 -1.571733
Car 0 1 -1.654057 696 185 771 246 1.413269 1.567278 3.158158 2.956056 1.410106 19.29135 -1.502008
Car 0 0 1.832166 394 201 474 256 1.527328 1.555003 3.576751 -5.973762 2.049313 23.76534 1.585904
Car 0 0 1.68899 509 195 542 220 1.417371 1.540477 3.504343 -6.039978 2.018503 46.44057 1.559658
Car 0 1 -1.634804 651 184 682 208 1.512623 1.746308 3.775172 3.121991 1.349885 49.99796 -1.572443
Car 0 1 1.696156 522 195 552 216 1.360295 1.513462 4.017023 -5.932473 2.001972 52.01393 1.582591
Car 0 1 1.664531 539 189 566 212 1.73687 1.652467 4.107703 -5.618606 1.966214 60.322 1.571656
Car 0 2 1.670515 547 190 570 209 1.609242 1.638188 3.998 -5.678875 1.960166 66.95219 1.585898
Car 0 1 1.641113 559 191 579 206 1.431419 1.697305 3.744055 -5.483585 1.928971 77.81883 1.570763
Car 0 0 -1.612065 642 184 657 196 1.546081 1.6639 4.146974 3.962967 1.211496 99.37627 -1.572208
Car 0 1 -3.237724 676 180 713 194 1.473782 1.69797 4.648869 9.391953 0.8298233 92.23568 -3.136248
Car 0 2 -3.232058 677 177 710 194 1.909038 1.812069 4.330702 9.579693 0.8113818 95.32779 -3.131902
Car 0 1 -1.524243 581 188 594 200 1.632486 1.608983 3.812409 -4.72489 1.833402 103.7177 -1.569767
Car 0 0 1.614736 576 190 591 202 1.430527 1.566407 3.482533 -4.747828 1.852427 92.65812 1.56354
Car 0 3 3.04617 674 180 705 193 1.630828 1.672862 4.318664 9.572704 0.8021712 101.5161 3.14019
Car 0 2 1.599632 585 188 597 199 1.530483 1.680223 3.862273 -4.687437 1.812963 115.0087 1.558898
Car 0 2 1.622681 588 189 599 198 1.420148 1.552787 3.85067 -4.554659 1.794708 120.5156 1.584906
Car 0 2 1.591782 589 188 599 197 1.427379 1.478135 3.709917 -4.534988 1.785635 125.3879 1.55563
Car 0 2 1.594176 590 188 601 197 1.400546 1.647438 4.024915 -4.551241 1.777405 131.379 1.559547
Car 0 2 3.056136 669 181 692 191 1.639204 1.585631 3.989951 10.46329 0.6974428 127.1695 3.13823
Car 0 3 3.033982 671 180 687 191 1.719717 1.682953 2.781201 10.48017 0.6921382 129.7702 3.114567
Car 0 3 3.039215 667 181 686 191 1.674444 1.672834 3.425593 10.09192 0.7166066 132.0816 3.115474
Car 0 3 -0.2624233 765 172 797 186 1.736666 1.796667 4.374446 23.82088 -0.2388959 107.8571 -0.04505685
Car 0 3 -0.1826512 761 174 792 186 1.55 1.85 4.65 23.88295 -0.2485881 111.1695 0.02896599
Car 0 3 3.053833 663 182 683 191 1.56902 1.615801 3.690002 9.649487 0.7441356 134.9407 3.125221
Car 0 2 1.64263 593 188 603 196 1.426384 1.614783 4.125178 -4.36401 1.751955 138.9581 1.611235
Car 0 2 -1.624664 641 184 651 193 1.471051 1.596091 3.865517 4.640224 1.10942 133.1729 -1.589835
Car 0 2 -1.607126 640 184 650 193 1.571396 1.572021 4.042688 4.623524 1.101887 138.741 -1.573813
Car 0 2 1.607542 595 188 604 196 1.481957 1.499868 3.577903 -4.308758 1.738756 144.8178 1.577798
Car 0 3 1.484987 639 184 649 192 1.455476 1.614714 3.60968 4.755581 1.076982 148.5163 1.516997
Car 0 2 1.679986 596 187 606 195 1.484442 1.564952 4.090225 -4.239769 1.719294 154.0332 1.652468
Car 0 2 -1.655631 637 185 648 192 1.462216 1.667148 3.889512 4.614887 1.07809 154.2959 -1.62573
Car 0 3 1.607016 598 187 606 194 1.561269 1.630639 3.624328 -4.338898 1.702956 169.0089 1.581349
Car 0 2 -1.648473 636 184 645 192 1.508927 1.600727 3.541442 4.414814 1.079111 162.8671 -1.621373
Car 0 3 -1.693387 636 184 645 191 1.531034 1.504644 3.336817 4.505627 1.064003 168.303 -1.666622
Car 0 3 1.589817 600 187 607 194 1.456842 1.426118 3.51561 -4.216919 1.686131 174.1023 1.565601
Car 0 1 -0.2452289 770 169 808 186 2.059121 2.073281 4.939535 23.55085 -0.2093747 101.501 -0.01723736
Car 0 3 -3.014482 576 186 594 195 1.945312 1.892187 4.609375 -9.790173 2.050634 198.8281 -3.063682
Car 0 2 -1.244374 352 204 394 228 1.5 1.558375 4.451755 -18.27302 2.892339 53.72951 -1.572196
