Car 0.1433718 0 2.194651 0 207 230 368 1.609242 1.638188 3.998 -7.091627 1.968007 9.716133 1.56415
Car 0 1 1.882563 310 200 417 261 1.431419 1.697305 3.744055 -7.132656 1.884394 20.58418 1.548999
Car 0 0 -1.637705 635 181 670 209 1.546081 1.6639 4.146974 1.85275 1.21553 42.33941 -1.593974
Car 0 0 2.917754 725 174 824 209 1.473782 1.69797 4.648869 7.441713 0.961914 35.31754 3.125425
Car 0 2 2.935383 721 166 807 207 1.909038 1.812069 4.330702 7.562323 0.9307834 38.41289 3.129766
Car 0 1 -1.443418 494 187 529 215 1.632486 1.608983 3.812409 -6.936934 1.668835 46.49274 -1.59153
Car 0 2 1.729162 459 192 505 225 1.430527 1.566407 3.482533 -6.71921 1.74417 35.43547 1.541768
Car 0 2 2.953811 705 173 778 203 1.630828 1.672862 4.318664 7.420656 0.8897305 44.59949 3.118685
Car 0 1 1.660154 517 187 544 208 1.530483 1.680223 3.862273 -7.145158 1.591144 57.78155 1.53712
Car 0 1 1.675373 527 188 550 205 1.420148 1.552787 3.85067 -7.132102 1.546894 63.28988 1.563157
Car 0 2 1.639359 534 187 553 204 1.427379 1.478135 3.709917 -7.218457 1.513174 68.1614 1.53385
Car 0 1 1.636772 538 187 558 202 1.400546 1.647438 4.024915 -7.365108 1.473957 74.15061 1.537771
Car 0 1 3.006823 680 176 722 195 1.639204 1.585631 3.989951 7.753735 0.6684916 70.2654 3.116727
Car 0 3 2.987617 683 175 712 194 1.719717 1.682953 2.781201 7.714022 0.6501383 72.86584 3.09309
Car 0 2 2.997512 674 176 708 194 1.674444 1.672834 3.425593 7.275143 0.6562173 75.16825 3.093996
Car 0 2 -0.4644695 890 161 961 189 1.736666 1.796667 4.374446 21.54288 0.05616367 51.2456 -0.06651418
Car 0 2 -0.3684808 873 165 942 189 1.55 1.85 4.65 21.53292 0.03053641 54.5584 0.007427864
Car 0 0 -0.3320165 817 169 866 187 1.532222 1.85 4.267781 21.3048 -0.07828546 69.92601 -0.03627505
Car 0 2 -0.3123049 809 168 858 187 1.665556 1.85 4.490002 21.30284 -0.1001241 72.70328 -0.02727256
Car 0 3 -0.3189428 805 169 856 186 1.532222 1.85 4.943336 21.83314 -0.1522927 75.59358 -0.03777172
Car 0 2 -0.3294702 801 169 850 186 1.567778 1.85 4.916665 22.07824 -0.1857591 78.11329 -0.05401157
Car 0 2 3.017172 666 177 701 194 1.56902 1.615801 3.690002 6.770113 0.6616362 78.01712 3.103733
Car 0 1 1.679114 546 186 565 200 1.426384 1.614783 4.125178 -7.342647 1.412806 81.7318 1.589516
Car 0 1 -1.635191 629 181 647 196 1.471051 1.596091 3.865517 1.795103 0.9516044 76.14185 -1.61162
Car 0 2 -1.61586 627 181 644 195 1.571396 1.572021 4.042688 1.657209 0.9152446 81.70817 -1.595581
Car 0 2 1.640493 551 185 567 199 1.481957 1.499868 3.577903 -7.414856 1.370498 87.59113 1.556042
Car 0 2 1.477942 625 181 641 194 1.455476 1.614714 3.60968 1.576647 0.8424504 91.48385 1.495175
Car 0 1 1.708591 556 185 572 197 1.484442 1.564952 4.090225 -7.546362 1.304955 96.80569 1.630795
Car 0 2 -1.661023 623 181 639 193 1.462216 1.667148 3.889512 1.310051 0.8115593 97.25887 -1.647554
Car 0 1 1.630793 562 184 575 195 1.561269 1.630639 3.624328 -7.971479 1.210174 111.7754 1.559597
Car 0 2 -1.651916 620 181 634 192 1.508927 1.600727 3.541442 0.9232788 0.7652695 105.8236 -1.643191
Car 0 3 -1.696541 620 181 633 192 1.531034 1.504644 3.336817 0.8958931 0.723825 111.26 -1.688489
Car 0 2 1.611838 566 185 577 194 1.456842 1.426118 3.51561 -7.960236 1.169293 116.87 1.543831
Car 0 1 -0.4838158 920 153 1014 191 2.059121 2.073281 4.939535 21.41095 0.1137213 44.88527 -0.03872471
Car 0 2 -2.9861 536 183 561 194 1.945312 1.892187 4.609375 -14.07629 1.313158 141.4695 -3.085274
Car 0 0 1.756162 451 193 533 246 1.406945 1.755342 4.396943 -4.046068 1.689737 23.61499 1.586475
