Car 0.4205635 0 -2.178786 867 184 1241 374 1.404795 1.612032 3.772344 2.977288 1.418353 4.278527 -1.570839
Car 0 0 -1.775445 750 182 918 304 1.413269 1.567278 3.158158 2.930189 1.379742 10.41117 -1.501095
Car 0 0 1.969564 241 204 395 298 1.527328 1.555003 3.576751 -5.99753 1.968126 14.89631 1.586802
Car 0 0 1.720038 481 193 524 224 1.417371 1.540477 3.504343 -6.043468 1.816477 37.57109 1.56055
Car 0 0 -1.647372 657 180 695 209 1.512623 1.746308 3.775172 3.123639 1.156657 41.11685 -1.571548
Car 0 1 1.720101 501 192 538 219 1.360295 1.513462 4.017023 -5.930947 1.77062 43.14418 1.583489
Car 0 0 1.681148 525 185 556 212 1.73687 1.652467 4.107703 -5.60958 1.69161 51.45167 1.572551
Car 0 2 1.684005 535 187 563 209 1.609242 1.638188 3.998 -5.663921 1.650105 58.08178 1.586796
Car 0 1 1.650667 552 187 574 204 1.431419 1.697305 3.744055 -5.458872 1.561688 68.94793 1.571658
Car 0 0 -1.615586 645 180 661 193 1.546081 1.6639 4.146974 4.008991 0.7581071 90.49297 -1.571314
Car 0 1 -3.247687 683 176 723 192 1.473782 1.69797 4.648869 9.432745 0.4308515 83.3457 -3.13499
Car 0 2 -3.241521 683 173 720 191 1.909038 1.812069 4.330702 9.623299 0.3965273 86.43751 -3.130645
Car 0 1 -1.519601 577 184 592 197 1.632486 1.608983 3.812409 -4.676836 1.330626 94.84529 -1.568871
Car 0 0 1.620585 572 186 588 200 1.430527 1.566407 3.482533 -4.709675 1.408422 83.78594 1.564434
Car 0 3 3.037942 679 176 713 190 1.630828 1.672862 4.318664 9.621838 0.354372 92.62572 3.141449
Car 0 2 1.603379 582 184 596 196 1.530483 1.680223 3.862273 -4.629257 1.25023 106.1359 1.55979
Car 0 2 1.626014 585 185 598 195 1.420148 1.552787 3.85067 -4.491529 1.203079 111.6425 1.585804
Car 0 2 1.594846 587 185 598 194 1.427379 1.478135 3.709917 -4.467505 1.168143 116.5147 1.556522
Car 0 1 1.59698 589 185 600 194 1.400546 1.647438 4.024915 -4.478401 1.12799 122.5057 1.56044
Car 0 2 3.050649 673 177 698 188 1.639204 1.585631 3.989951 10.53559 0.1158559 118.2774 3.13949
Car 0 3 3.028735 675 176 693 188 1.719717 1.682953 2.781201 10.55479 0.09676576 120.8781 3.115832
Car 0 2 3.034382 670 177 691 188 1.674444 1.672834 3.425593 10.16851 0.1077621 123.1898 3.116739
Car 0 3 3.049456 666 178 687 188 1.56902 1.615801 3.690002 9.728546 0.1187408 126.0495 3.126484
Car 0 2 1.645063 591 184 602 193 1.426384 1.614783 4.125178 -4.284334 1.062783 130.0844 1.61214
Car 0 2 -1.626875 643 181 654 190 1.471051 1.596091 3.865517 4.716656 0.4782734 124.2879 -1.588944
Car 0 2 -1.609135 642 180 652 189 1.571396 1.572021 4.042688 4.704922 0.4410658 129.8559 -1.572919
Car 0 2 1.609755 593 184 603 192 1.481957 1.499868 3.577903 -4.223818 1.018576 135.9438 1.578695
Car 0 2 1.48319 641 181 651 189 1.455476 1.614714 3.60968 4.84576 0.3645527 139.6309 1.51788
Car 0 1 1.681942 595 184 605 192 1.484442 1.564952 4.090225 -4.146564 0.9502947 145.159 1.653384
Car 0 2 -1.657228 639 181 650 189 1.462216 1.667148 3.889512 4.710194 0.334486 145.4105 -1.624847
Car 0 2 1.608671 597 183 606 191 1.561269 1.630639 3.624328 -4.232327 0.8539815 160.1345 1.582247
Car 0 2 -1.64982 637 181 647 188 1.508927 1.600727 3.541442 4.517761 0.2893004 153.9818 -1.620489
Car 0 3 1.591339 599 184 606 190 1.456842 1.426118 3.51561 -4.105755 0.8104277 165.2275 1.566495
Car 0 1 -0.2655694 785 164 826 183 2.059121 2.073281 4.939535 23.60296 -0.6147962 92.59297 -0.01597411
Car 0 3 -3.011644 575 183 593 191 1.945312 1.892187 4.609375 -9.65807 1.026518 189.9599 -3.062443
Car 0 3 -1.053718 172 212 238 240 1.429688 1.8 3.960938 -25.82089 3.135342 45.24757 -1.572283
Car 0 1 -1.095976 215 210 274 237 1.399088 1.6037 3.967162 -23.37612 2.96552 45.29327 -1.572425
Car 0 1 -1.131349 251 206 314 235 1.494964 1.698646 4.507233 -20.7221 2.785663 44.68377 -1.565579
Car 0 2 -1.184615 296 203 351 232 1.5 1.558375 4.451755 -18.2726 2.614517 44.87527 -1.571301
