Car 0 0 1.939534 258 203 394 282 1.417371 1.540477 3.504343 -6.337686 1.842557 16.04241 1.563295
Car 0 0 -1.713452 685 180 774 244 1.512623 1.746308 3.775172 2.849963 1.361142 19.56363 -1.568792
Car 0 0 1.86601 361 199 454 254 1.360295 1.513462 4.017023 -6.209674 1.793508 21.61514 1.58626
Car 0 0 1.768868 444 185 507 232 1.73687 1.652467 4.107703 -5.865033 1.712788 29.92168 1.575309
Car 0 1 1.749637 478 187 526 222 1.609242 1.638188 3.998 -5.901166 1.663752 36.55186 1.589571
Car 0 1 1.693342 516 188 551 212 1.431419 1.697305 3.744055 -5.665921 1.568827 47.41734 1.574416
Car 0 0 -1.624673 651 180 672 197 1.546081 1.6639 4.146974 3.872446 0.9320986 68.93685 -1.568558
Car 0 2 -3.281482 702 177 757 196 1.473782 1.69797 4.648869 9.282866 0.7193956 61.77518 -3.132329
Car 0 2 -3.273141 702 172 752 196 1.909038 1.812069 4.330702 9.482162 0.6858424 64.86642 -3.127989
Car 0 1 -1.500576 563 183 583 201 1.632486 1.608983 3.812409 -4.811589 1.328073 73.31232 -1.566113
Car 0 0 1.645331 552 186 575 204 1.430527 1.566407 3.482533 -4.874949 1.415981 62.2532 1.567182
Car 0 2 -3.271948 696 176 740 194 1.630828 1.672862 4.318664 9.497768 0.6376355 71.05459 -3.139067
Car 0 1 1.618417 571 184 588 198 1.530483 1.680223 3.862273 -4.73284 1.237632 84.60271 1.562533
Car 0 2 1.639359 576 184 591 197 1.420148 1.552787 3.85067 -4.579765 1.187853 90.10887 1.588578
Car 0 2 1.607048 579 184 593 196 1.427379 1.478135 3.709917 -4.54228 1.148652 94.98096 1.559261
Car 0 1 1.608084 581 184 595 195 1.400546 1.647438 4.024915 -4.536676 1.102451 100.9719 1.563184
Car 0 1 -3.249009 684 177 714 190 1.639204 1.585631 3.989951 10.48328 0.3922794 96.70351 -3.141024
Car 0 3 3.013091 687 176 708 190 1.719717 1.682953 2.781201 10.50968 0.3710389 99.3041 3.118531
Car 0 2 3.020084 681 177 706 190 1.674444 1.672834 3.425593 10.12933 0.3721225 101.6169 3.119437
Car 0 3 -0.3394725 821 168 866 186 1.736666 1.796667 4.374446 23.78884 -0.1173806 77.33934 -0.04106663
Car 0 3 -0.254821 813 170 858 186 1.55 1.85 4.65 23.86308 -0.1464407 80.65131 0.03285136
Car 0 2 -0.2560189 785 172 820 185 1.532222 1.85 4.267781 24.02562 -0.2722857 96.01961 -0.01083721
Car 0 3 -0.2410471 780 171 815 185 1.665556 1.85 4.490002 24.09427 -0.2969637 98.79601 -0.001837592
Car 0 3 -0.2506366 779 172 816 185 1.532222 1.85 4.943336 24.69803 -0.3488708 101.6719 -0.01233344
Car 0 3 -0.2641395 777 172 813 185 1.567778 1.85 4.916665 25.00718 -0.3834219 104.1845 -0.0285682
Car 0 2 3.036624 675 178 701 190 1.56902 1.615801 3.690002 9.696728 0.3715901 104.4777 3.129171
Car 0 2 1.654735 585 184 599 194 1.426384 1.614783 4.125178 -4.321499 1.033718 108.55 1.614945
Car 0 1 -1.631677 647 181 661 191 1.471051 1.596091 3.865517 4.674088 0.6334114 102.7295 -1.58621
Car 0 2 -1.613331 646 180 658 191 1.571396 1.572021 4.042688 4.677689 0.590552 108.2975 -1.570165
Car 0 2 1.618545 588 183 599 193 1.481957 1.499868 3.577903 -4.244762 0.985009 114.4092 1.58146
Car 0 2 1.479557 644 181 657 190 1.455476 1.614714 3.60968 4.845634 0.507319 118.072 1.520574
Car 0 1 1.68973 590 183 603 192 1.484442 1.564952 4.090225 -4.142019 0.9092911 123.6241 1.656237
Car 0 2 -1.660294 642 181 655 190 1.462216 1.667148 3.889512 4.725849 0.4689378 123.8519 -1.622155
Car 0 2 1.615214 594 182 604 191 1.561269 1.630639 3.624328 -4.186609 0.7967012 138.5996 1.585017
Car 0 2 -1.652189 640 180 651 189 1.508927 1.600727 3.541442 4.556808 0.4115921 132.4236 -1.617791
Car 0 3 -1.696948 640 180 651 189 1.531034 1.504644 3.336817 4.667595 0.3644476 137.8589 -1.663103
Car 0 3 1.597395 596 183 604 191 1.456842 1.426118 3.51561 -4.045845 0.7507014 143.6923 1.569246
Car 0 1 -0.3329271 833 164 889 187 2.059121 2.073281 4.939535 23.49522 -0.05414486 70.98448 -0.01328622
Car 0 2 -3.00331 570 181 590 191 1.945312 1.892187 4.609375 -9.536518 0.8325737 168.4392 -3.059867
Car 0.3830535 0 0.8084272 1160 134 1241 194 2.29979 2.017562 4.728489 24.59398 0.2117501 29.20771 1.50828
Car 0.1097952 2 -0.8975275 0 211 116 268 1.5 1.558375 4.451755 -18.56105 2.390888 23.37919 -1.568546
