Car 0.198298 0 -2.014136 774 180 1241 374 1.512623 1.746308 3.775172 2.483443 1.478799 5.32549 -1.577784
Car 0.6313856 0 2.312266 0 225 163 374 1.360295 1.513462 4.017023 -6.59557 1.878581 7.29636 1.577271
Car 0 0 1.951424 236 187 395 284 1.73687 1.652467 4.107703 -6.325578 1.775777 15.60541 1.566319
Car 0 1 1.861729 359 189 454 249 1.609242 1.638188 3.998 -6.421331 1.70819 22.23484 1.580583
Car 0 1 1.753024 454 189 508 225 1.431419 1.697305 3.744055 -6.283755 1.583738 33.1017 1.565425
Car 0 0 -1.633466 648 178 675 200 1.546081 1.6639 4.146974 3.062109 0.9154452 54.70455 -1.577549
Car 0 0 -3.318719 715 174 787 200 1.473782 1.69797 4.648869 8.537474 0.7387153 47.59142 -3.141216
Car 0 2 -3.307043 714 168 778 198 1.909038 1.812069 4.330702 8.708998 0.6971542 50.68425 -3.136876
Car 0 2 -1.479432 538 182 563 203 1.632486 1.608983 3.812409 -5.662167 1.273485 59.00257 -1.575104
Car 0 1 1.675004 519 186 550 209 1.430527 1.566407 3.482533 -5.626097 1.391969 47.9436 1.55819
Car 0 2 2.983968 703 173 760 196 1.630828 1.672862 4.318664 8.668961 0.6317796 56.87214 3.135233
Car 0 3 1.634239 551 182 572 199 1.530483 1.680223 3.862273 -5.68492 1.15187 70.2929 1.55354
Car 0 2 1.653089 558 183 577 198 1.420148 1.552787 3.85067 -5.581334 1.087229 75.80007 1.579589
Car 0 2 1.619421 562 183 578 196 1.427379 1.478135 3.709917 -5.587657 1.034586 80.67218 1.550268
Car 0 1 1.619132 565 183 582 195 1.400546 1.647438 4.024915 -5.635925 0.9717368 86.66278 1.554191
Car 0 1 3.019578 686 174 721 190 1.639204 1.585631 3.989951 9.423964 0.3179984 82.52814 3.133276
Car 0 3 2.999362 689 174 714 190 1.719717 1.682953 2.781201 9.426981 0.289602 85.12879 3.10965
Car 0 2 3.007695 681 175 710 190 1.674444 1.672834 3.425593 9.025789 0.2831235 87.43806 3.110556
Car 0 2 -0.3972195 855 165 911 187 1.736666 1.796667 4.374446 22.90499 -0.09832156 63.28347 -0.04994506
Car 0 2 -0.3079026 843 167 899 186 1.55 1.85 4.65 22.94947 -0.1363744 66.59587 0.02396066
Car 0 1 -0.2929978 804 170 845 185 1.532222 1.85 4.267781 22.97384 -0.3044881 81.96461 -0.01972044
Car 0 2 -0.2759442 797 169 838 185 1.665556 1.85 4.490002 23.01753 -0.3366857 84.74143 -0.01072238
Car 0 3 -0.2842626 795 170 838 184 1.532222 1.85 4.943336 23.5955 -0.3948017 87.62248 -0.02121644
Car 0 3 -0.2964485 792 170 834 184 1.567778 1.85 4.916665 23.88209 -0.435425 90.1377 -0.03744844
Car 0 2 3.025688 675 176 705 189 1.56902 1.615801 3.690002 8.567419 0.2733499 90.29478 3.120288
Car 0 1 1.664137 570 182 586 194 1.426384 1.614783 4.125178 -5.488853 0.8825617 94.2423 1.605961
Car 0 1 -1.635407 642 179 658 191 1.471051 1.596091 3.865517 3.559982 0.5251333 88.50214 -1.595204
Car 0 2 -1.61649 641 178 655 191 1.571396 1.572021 4.042688 3.513525 0.4667957 94.06979 -1.579157
Car 0 2 1.627009 574 182 588 193 1.481957 1.499868 3.577903 -5.46479 0.8177813 100.1018 1.572471
Car 0 2 1.476982 639 179 653 189 1.455476 1.614714 3.60968 3.593603 0.3568707 103.8451 1.511574
Car 0 1 1.697028 577 181 592 192 1.484442 1.564952 4.090225 -5.444891 0.7167346 109.317 1.647261
Car 0 2 -1.662359 637 179 651 189 1.462216 1.667148 3.889512 3.421825 0.3020561 109.6236 -1.631155
Car 0 2 1.621246 582 181 594 190 1.561269 1.630639 3.624328 -5.624138 0.5623544 124.2911 1.576028
Car 0 2 -1.653653 634 179 646 188 1.508927 1.600727 3.541442 3.175697 0.2203645 118.1932 -1.626791
Car 0 3 -1.698292 634 178 646 188 1.531034 1.504644 3.336817 3.237644 0.158429 123.6292 -1.672109
Car 0 2 1.602962 585 181 594 190 1.456842 1.426118 3.51561 -5.52915 0.5026053 129.3847 1.560254
Car 0 1 -0.4011285 874 159 945 188 2.059121 2.073281 4.939535 22.66848 -0.01827919 56.92641 -0.02216899
Car 0 2 -2.995928 557 179 579 189 1.945312 1.892187 4.609375 -11.24289 0.499349 154.0812 -3.068766
Car 0 0 1.67894 536 185 576 212 1.406945 1.755342 4.396943 -3.694605 1.365641 42.11958 1.591447
