Car 0.9194096 0 2.3787 0 225 109 374 1.530483 1.680223 3.862273 -6.258153 1.96533 5.832268 1.558092
Car 0 0 2.079705 86 212 328 337 1.420148 1.552787 3.85067 -6.129622 1.911749 11.33903 1.584125
Car 0 1 1.915462 273 203 404 283 1.427379 1.478135 3.709917 -6.113815 1.869997 16.21122 1.554821
Car 0 0 1.828333 369 198 461 254 1.400546 1.647438 4.024915 -6.134846 1.820995 22.20211 1.558742
Car 0 0 2.678717 888 156 1076 233 1.639204 1.585631 3.989951 8.897261 0.9881198 17.99915 3.137807
Car 0 2 2.705852 874 158 997 225 1.719717 1.682953 2.781201 8.912085 0.9654645 20.59982 3.114166
Car 0 1 2.758982 829 162 954 222 1.674444 1.672834 3.425593 8.521624 0.9686416 22.91094 3.115072
Car 0.8269066 0 -0.774173 1196 148 1241 193 1.567778 1.85 4.916665 23.38129 0.08843005 25.54326 -0.0329359
Car 0 1 2.821097 791 167 906 218 1.56902 1.615801 3.690002 8.0765 0.9703844 25.76977 3.12481
Car 0 1 1.807787 440 193 506 234 1.426384 1.614783 4.125178 -5.953448 1.746992 29.78105 1.610481
Car 0 0 -1.717625 681 180 749 230 1.471051 1.596091 3.865517 3.063913 1.274698 23.99981 -1.590648
Car 0 1 -1.677158 670 178 722 220 1.571396 1.572021 4.042688 3.042761 1.229248 29.56773 -1.574611
Car 0 1 1.741141 476 190 522 224 1.481957 1.499868 3.577903 -5.902797 1.694951 35.64053 1.57701
Car 0 1 1.435822 659 180 700 210 1.455476 1.614714 3.60968 3.167185 1.140126 39.34282 1.516151
Car 0 0 1.781246 505 188 545 215 1.484442 1.564952 4.090225 -5.841063 1.614144 44.8557 1.651755
Car 0 1 -1.693446 652 180 688 206 1.462216 1.667148 3.889512 3.021758 1.100082 45.1221 -1.626578
Car 0 1 1.679723 535 185 561 206 1.561269 1.630639 3.624328 -5.952194 1.495038 59.83081 1.580565
Car 0 2 -1.67459 645 180 673 202 1.508927 1.600727 3.541442 2.814684 1.040198 53.69299 -1.622216
Car 0 2 -1.716535 644 180 669 200 1.531034 1.504644 3.336817 2.901274 0.989635 59.12868 -1.667507
Car 0 1 1.654422 545 186 565 204 1.456842 1.426118 3.51561 -5.834142 1.445528 64.92405 1.564801
Car 0 3 -2.69944 325 198 361 211 1.38182 1.727404 3.973109 -34.60031 2.893181 90.40618 -3.064962
Car 0 2 -2.937345 509 183 547 200 1.945312 1.892187 4.609375 -11.43232 1.561595 89.64668 -3.064186
