Car 0 0 -1.718203 688 177 791 254 1.546081 1.6639 4.146974 2.660668 1.340449 16.88197 -1.561885
Car 0.4374787 0 -3.817521 1018 166 1241 293 1.473782 1.69797 4.648869 8.024972 1.198142 9.683954 -3.125531
Car 0 1 -3.694373 946 138 1241 263 1.909038 1.812069 4.330702 8.244953 1.152493 12.77365 -3.121192
Car 0 0 -1.2852 364 186 460 250 1.632486 1.608983 3.812409 -5.996849 1.654603 21.31625 -1.559439
Car 0 0 2.11277 31 207 297 342 1.430527 1.566407 3.482533 -6.134012 1.790471 10.25827 1.573853
Car 0 1 -3.544955 848 163 1035 233 1.630828 1.672862 4.318664 8.301844 1.077307 18.9613 -3.132266
Car 0 0 1.746516 461 186 516 224 1.530483 1.680223 3.862273 -5.842751 1.5153 32.60535 1.569202
Car 0 1 1.742513 490 186 534 216 1.420148 1.552787 3.85067 -5.65289 1.442519 38.11012 1.595257
Car 0 1 1.695096 508 185 543 212 1.427379 1.478135 3.709917 -5.582893 1.382258 42.98164 1.565929
Car 0 1 1.682445 522 185 554 208 1.400546 1.647438 4.024915 -5.537317 1.309869 48.97215 1.569853
Car 0 1 -3.343198 741 171 809 200 1.639204 1.585631 3.989951 9.458786 0.7267696 44.60184 -3.134222
Car 0 3 2.926681 743 170 790 198 1.719717 1.682953 2.781201 9.502541 0.6943341 47.20208 3.125342
Car 0 3 2.943769 728 171 781 198 1.674444 1.672834 3.425593 9.137503 0.6825473 49.51732 3.126247
Car 0.7671574 2 -0.7671898 1192 150 1241 201 1.736666 1.796667 4.374446 22.63924 0.3979008 25.1484 -0.03424996
Car 0 3 -0.4873383 960 163 1044 191 1.532222 1.85 4.267781 23.00072 0.1629211 43.82584 -0.004031586
Car 0 3 -0.4550219 940 161 1021 190 1.665556 1.85 4.490002 23.08792 0.1265831 46.60159 0.004964745
Car 0 3 2.970945 715 173 768 197 1.56902 1.615801 3.690002 8.723848 0.6663686 52.38083 3.135977
Car 0 1 1.714587 538 183 567 203 1.426384 1.614783 4.125178 -5.271514 1.209512 56.5483 1.621634
Car 0 1 -1.652204 659 178 688 201 1.471051 1.596091 3.865517 3.688002 0.8995997 50.667 -1.579543
Car 0 2 -1.629703 657 177 681 198 1.571396 1.572021 4.042688 3.728756 0.8323893 56.23459 -1.563493
Car 0 1 1.670563 549 182 572 201 1.481957 1.499868 3.577903 -5.155663 1.135704 62.40662 1.588136
Car 0 2 1.467276 653 178 676 195 1.455476 1.614714 3.60968 3.961964 0.7075747 66.00729 1.527227
Car 0 1 1.732523 558 182 581 198 1.484442 1.564952 4.090225 -4.991415 1.020384 71.62016 1.662942
Car 0 1 -1.669508 649 178 671 194 1.462216 1.667148 3.889512 3.880699 0.6430244 71.78762 -1.615502
Car 0 1 1.648635 571 180 588 194 1.561269 1.630639 3.624328 -4.936096 0.8419088 86.59499 1.591694
Car 0 2 -1.658001 646 178 664 192 1.508927 1.600727 3.541442 3.768795 0.5469313 80.35994 -1.611137
Car 0 3 -1.702075 645 178 663 191 1.531034 1.504644 3.336817 3.915888 0.4767903 85.79412 -1.656464
Car 0 2 1.627802 576 181 590 193 1.456842 1.426118 3.51561 -4.76132 0.7746283 91.6864 1.575918
Car 0 2 -2.966692 543 178 572 192 1.945312 1.892187 4.609375 -10.08857 0.7085363 116.469 -3.053096
