Car 0 0 1.845952 359 199 449 256 1.417371 1.540477 3.504343 -6.249733 1.835337 21.36905 1.561421
Car 0 0 -1.687591 674 178 741 228 1.512623 1.746308 3.775172 2.925282 1.239809 24.90572 -1.570673
Car 0 1 1.80817 418 196 487 240 1.360295 1.513462 4.017023 -6.132275 1.77576 26.94191 1.584372
Car 0 0 1.736606 474 185 525 225 1.73687 1.652467 4.107703 -5.803464 1.677533 35.24889 1.573428
Car 0 1 1.726519 497 186 539 217 1.609242 1.638188 3.998 -5.852031 1.618194 41.87891 1.587681
Car 0 1 1.67901 527 187 558 209 1.431419 1.697305 3.744055 -5.637362 1.502913 52.74463 1.572534
Car 0 0 -1.622281 649 178 668 194 1.546081 1.6639 4.146974 3.854334 0.7188114 74.27989 -1.570438
Car 0 1 -3.271308 696 174 746 193 1.473782 1.69797 4.648869 9.274666 0.4538535 67.12746 -3.134012
Car 0 2 -3.263697 696 170 741 192 1.909038 1.812069 4.330702 9.468018 0.4129466 70.21901 -3.129669
Car 0 1 -1.506625 567 182 585 199 1.632486 1.608983 3.812409 -4.832233 1.210177 78.64065 -1.567995
Car 0 0 1.637313 558 185 578 202 1.430527 1.566407 3.482533 -4.874783 1.316728 67.58158 1.565306
Car 0 3 -3.264093 690 173 731 191 1.630828 1.672862 4.318664 9.471989 0.3545425 76.4071 -3.140755
Car 0 1 1.613703 574 183 590 196 1.530483 1.680223 3.862273 -4.774754 1.100538 89.93098 1.56066
Car 0 2 1.635185 578 183 593 195 1.420148 1.552787 3.85067 -4.632118 1.040044 95.43732 1.586688
Car 0 2 1.603254 581 183 594 194 1.427379 1.478135 3.709917 -4.603821 0.9925174 100.3094 1.55739
Car 0 1 1.604645 583 183 596 193 1.400546 1.647438 4.024915 -4.609472 0.9365563 106.3003 1.56131
Car 0 1 3.038836 680 175 709 188 1.639204 1.585631 3.989951 10.40867 0.05605531 102.0573 3.140473
Car 0 3 3.017496 683 174 703 187 1.719717 1.682953 2.781201 10.43016 0.03029561 104.6579 3.116827
Car 0 2 3.024097 677 175 701 187 1.674444 1.672834 3.425593 10.04571 0.032125 106.97 3.117734
Car 0 3 -0.2388271 801 167 842 182 1.55 1.85 4.65 23.80986 -0.6145725 86.02791 0.031183
Car 0 2 -0.2444228 776 169 808 182 1.532222 1.85 4.267781 23.94342 -0.7672026 101.3963 -0.01253347
Car 0 3 -0.2300255 771 169 804 182 1.665556 1.85 4.490002 24.0068 -0.797183 104.1727 -0.003527944
Car 0 3 -0.2399514 770 169 805 182 1.532222 1.85 4.943336 24.60477 -0.8608682 107.0496 -0.01403059
Car 0 3 -0.2538251 769 169 803 181 1.567778 1.85 4.916665 24.90899 -0.9031327 109.5627 -0.03027574
Car 0 2 3.040215 672 176 696 187 1.56902 1.615801 3.690002 9.608013 0.03206849 109.83 3.127474
Car 0 2 1.651733 586 183 599 193 1.426384 1.614783 4.125178 -4.408674 0.8530226 113.8786 1.613039
Car 0 1 -1.630542 645 179 658 189 1.471051 1.596091 3.865517 4.591953 0.3559854 108.0734 -1.588079
Car 0 2 -1.612369 644 178 656 189 1.571396 1.572021 4.042688 4.585083 0.3040743 113.6413 -1.572044
Car 0 2 1.61583 589 182 600 192 1.481957 1.499868 3.577903 -4.343 0.793927 119.7379 1.579575
Car 0 2 1.480384 643 179 655 188 1.455476 1.614714 3.60968 4.734558 0.2030432 123.4159 1.518727
Car 0 1 1.687311 591 182 603 191 1.484442 1.564952 4.090225 -4.257637 0.7020864 128.9528 1.654306
Car 0 2 -1.659621 641 179 653 188 1.462216 1.667148 3.889512 4.603989 0.1567235 129.1955 -1.624001
Car 0 3 1.613207 594 181 604 190 1.561269 1.630639 3.624328 -4.330338 0.5657914 143.928 1.583129
Car 0 2 -1.651704 639 179 649 187 1.508927 1.600727 3.541442 4.418941 0.08750272 137.7669 -1.61964
Car 0 3 -1.696471 639 179 649 187 1.531034 1.504644 3.336817 4.51947 0.03025627 143.2022 -1.664922
Car 0 2 1.59554 596 182 604 189 1.456842 1.426118 3.51561 -4.19923 0.5098898 149.0208 1.567368
Car 0 2 -3.00555 570 181 590 190 1.945312 1.892187 4.609375 -9.732807 0.6165099 173.758 -3.061505
Car 0 0 0.887488 1081 131 1198 184 2.29979 2.017562 4.728489 24.63694 -0.1817667 34.58636 1.506442
Car 0.8501865 3 -0.8410219 0 222 33 259 1.429688 1.8 3.960938 -26.0308 2.975279 29.06479 -1.571408
Car 0.1202036 1 -0.8905932 0 219 88 262 1.399088 1.6037 3.967162 -23.58471 2.824965 29.10807 -1.571551
Car 0 1 -0.9312041 19 213 146 262 1.494964 1.698646 4.507233 -20.92982 2.668015 28.49599 -1.5647
Car 0 2 -0.9981403 92 210 205 257 1.5 1.558375 4.451755 -18.47887 2.516032 28.68508 -1.570426
