Car 0 0 2.09565 22 193 299 340 1.73687 1.652467 4.107703 -6.626934 1.878912 11.09423 1.557195
Car 0 0 1.936995 268 193 402 273 1.609242 1.638188 3.998 -6.783152 1.818658 17.72258 1.571455
Car 0 1 1.787976 414 192 480 234 1.431419 1.697305 3.744055 -6.744781 1.704713 28.59035 1.556301
Car 0 0 -1.634395 641 179 670 203 1.546081 1.6639 4.146974 2.401216 1.010722 50.27778 -1.586672
Car 0 0 2.951143 714 174 794 202 1.473782 1.69797 4.648869 7.939892 0.7985361 43.21481 3.132847
Car 0 2 2.964381 712 167 783 200 1.909038 1.812069 4.330702 8.083141 0.7592857 46.3091 3.137188
Car 0 2 -1.468053 521 183 550 207 1.632486 1.608983 3.812409 -6.359718 1.417996 54.4961 -1.584228
Car 0 1 1.691357 498 188 533 214 1.430527 1.566407 3.482533 -6.222748 1.524882 43.4378 1.549068
Car 0 2 2.975129 701 173 762 198 1.630828 1.672862 4.318664 7.98665 0.7005019 52.49643 3.126109
Car 0 2 1.642687 537 184 560 202 1.530483 1.680223 3.862273 -6.485492 1.308149 65.78587 1.54442
Car 0 1 1.660439 545 185 565 200 1.420148 1.552787 3.85067 -6.432197 1.248658 71.29382 1.570462
Car 0 2 1.62606 550 184 567 199 1.427379 1.478135 3.709917 -6.482969 1.201075 76.16572 1.541148
Car 0 1 1.625062 554 184 571 197 1.400546 1.647438 4.024915 -6.58588 1.144655 82.1557 1.54507
Car 0 1 3.015732 681 174 718 191 1.639204 1.585631 3.989951 8.507318 0.4093184 78.15852 3.124152
Car 0 3 2.995818 684 174 710 191 1.719717 1.682953 2.781201 8.486597 0.3835902 80.75912 3.100519
Car 0 2 3.004642 676 175 707 191 1.674444 1.672834 3.425593 8.064463 0.3815547 83.06468 3.101425
Car 0 1 -0.4181627 863 163 923 187 1.736666 1.796667 4.374446 22.16 -0.09608483 59.0374 -0.05908055
Car 0 2 -0.3268467 849 166 909 186 1.55 1.85 4.65 22.17424 -0.1309481 62.35011 0.01484454
Car 0 1 -0.3053989 805 169 848 185 1.532222 1.85 4.267781 22.05837 -0.2833278 77.7186 -0.02884812
Car 0 3 -0.2875252 798 168 842 185 1.665556 1.85 4.490002 22.07671 -0.3128839 80.49573 -0.01984769
Car 0 3 -0.2953423 795 169 841 184 1.532222 1.85 4.943336 22.62822 -0.370995 83.38196 -0.03034448
Car 0 3 -0.3070222 792 169 836 184 1.567778 1.85 4.916665 22.89177 -0.4104948 85.8997 -0.04658087
Car 0 2 3.023161 669 176 701 191 1.56902 1.615801 3.690002 7.58016 0.3770826 85.91711 3.11116
Car 0 1 1.669224 559 183 577 196 1.426384 1.614783 4.125178 -6.508026 1.062547 89.73632 1.596827
Car 0 1 -1.635123 635 179 652 193 1.471051 1.596091 3.865517 2.590542 0.6527294 84.07887 -1.604322
Car 0 2 -1.616085 633 179 649 192 1.571396 1.572021 4.042688 2.493292 0.6003758 89.64592 -1.58828
Car 0 2 1.631625 564 183 578 195 1.481957 1.499868 3.577903 -6.537436 1.003689 95.59589 1.563345
Car 0 2 1.477484 631 179 646 191 1.455476 1.614714 3.60968 2.484148 0.5001266 99.42169 1.502464
Car 0 1 1.701019 567 182 583 193 1.484442 1.564952 4.090225 -6.601641 0.9120494 104.8109 1.638116
Car 0 2 -1.661741 629 179 644 190 1.462216 1.667148 3.889512 2.259699 0.4521568 105.1984 -1.640264
Car 0 2 1.624587 573 182 585 192 1.561269 1.630639 3.624328 -6.917465 0.7740415 119.783 1.566901
Car 0 2 -1.652912 627 179 640 189 1.508927 1.600727 3.541442 1.935432 0.3805722 113.7655 -1.635901
Car 0 3 -1.697546 627 179 639 189 1.531034 1.504644 3.336817 1.947762 0.323928 119.2019 -1.681208
Car 0 2 1.606082 576 182 586 191 1.456842 1.426118 3.51561 -6.86898 0.7190609 124.8773 1.551132
Car 0 0 -0.42661 885 156 962 188 2.059121 2.073281 4.939535 21.98158 -0.02138805 52.67838 -0.03129739
Car 0 2 -2.992428 547 180 570 191 1.945312 1.892187 4.609375 -12.80641 0.7706289 149.5209 -3.077869
Car 0 0 1.7048 511 187 562 221 1.406945 1.755342 4.396943 -3.996344 1.496297 35.09462 1.591415
