Car 0.9271435 0 -2.317824 973 185 1241 374 1.413269 1.567278 3.158158 2.826075 1.440148 2.652115 -1.500681
Car 0.5800393 0 2.294185 0 222 187 374 1.527328 1.555003 3.576751 -6.101527 1.991442 7.142197 1.587204
Car 0 0 1.763984 440 194 498 234 1.417371 1.540477 3.504343 -6.138438 1.776443 29.81649 1.560947
Car 0 0 -1.66179 663 178 711 214 1.512623 1.746308 3.775172 3.031796 1.131978 33.35699 -1.57115
Car 0 1 1.752486 471 193 520 225 1.360295 1.513462 4.017023 -6.023678 1.715356 35.38939 1.58389
Car 0 0 1.702639 505 184 544 216 1.73687 1.652467 4.107703 -5.69894 1.614067 43.6965 1.57295
Car 0 1 1.700972 520 185 553 211 1.609242 1.638188 3.998 -5.750654 1.553925 50.32649 1.587198
Car 0 1 1.662365 542 186 567 205 1.431419 1.697305 3.744055 -5.54124 1.435775 61.19227 1.572057
Car 0 0 -1.618467 646 178 664 193 1.546081 1.6639 4.146974 3.936981 0.5981904 82.73146 -1.570915
Car 0 1 -3.257625 688 174 733 191 1.473782 1.69797 4.648869 9.358898 0.3057991 75.58131 -3.134426
Car 0 2 -3.250889 688 170 729 190 1.909038 1.812069 4.330702 9.55072 0.2633786 78.67293 -3.130082
Car 0 1 -1.513999 573 182 589 197 1.632486 1.608983 3.812409 -4.748737 1.134656 87.08859 -1.568473
Car 0 0 1.627697 566 184 584 199 1.430527 1.566407 3.482533 -4.785989 1.243198 76.02953 1.564831
Car 0 3 -3.253257 684 173 721 189 1.630828 1.672862 4.318664 9.551729 0.2039647 84.86101 -3.141171
Car 0 1 1.60789 579 183 593 195 1.530483 1.680223 3.862273 -4.696659 1.022909 98.37893 1.560186
Car 0 2 1.63004 582 183 595 194 1.420148 1.552787 3.85067 -4.556696 0.9607825 103.8853 1.586206
Car 0 2 1.598552 585 183 596 193 1.427379 1.478135 3.709917 -4.530739 0.912328 108.7574 1.556917
Car 0 1 1.600374 586 183 598 192 1.400546 1.647438 4.024915 -4.539246 0.8554397 114.7483 1.560836
Car 0 2 3.045544 676 174 703 187 1.639204 1.585631 3.989951 10.47586 -0.1035602 110.5116 3.140056
Car 0 3 3.023874 679 174 697 186 1.719717 1.682953 2.781201 10.49611 -0.1298492 113.1122 3.116402
Car 0 2 3.029936 673 175 695 186 1.674444 1.672834 3.425593 10.11069 -0.1263623 115.4241 3.117309
Car 0 2 3.045466 669 176 691 186 1.56902 1.615801 3.690002 9.671768 -0.1245687 118.2839 3.127052
Car 0 2 1.648029 589 182 601 192 1.426384 1.614783 4.125178 -4.342125 0.7696358 122.3267 1.612548
Car 0 1 -1.628505 644 179 656 188 1.471051 1.596091 3.865517 4.658237 0.2260745 116.5252 -1.58855
Car 0 2 -1.610578 643 178 654 188 1.571396 1.572021 4.042688 4.648724 0.1733091 122.0931 -1.572521
Car 0 2 1.612466 591 182 602 191 1.481957 1.499868 3.577903 -4.27927 0.7092575 128.186 1.579095
Car 0 2 1.481933 642 179 653 187 1.455476 1.614714 3.60968 4.793472 0.06992793 131.8678 1.518268
Car 0 1 1.684347 593 182 604 190 1.484442 1.564952 4.090225 -4.19833 0.6154938 137.4009 1.653801
Car 0 2 -1.658303 640 179 651 187 1.462216 1.667148 3.889512 4.660202 0.02337289 137.6473 -1.62446
Car 0 2 1.610717 596 181 605 189 1.561269 1.630639 3.624328 -4.278141 0.4771883 152.376 1.582648
Car 0 2 -1.650669 638 179 648 187 1.508927 1.600727 3.541442 4.47113 -0.04624224 146.2186 -1.6201
Car 0 3 -1.695485 638 179 648 186 1.531034 1.504644 3.336817 4.569016 -0.1048875 151.654 -1.665367
Car 0 3 1.593238 598 182 605 189 1.456842 1.426118 3.51561 -4.149517 0.4197822 157.4689 1.566892
Car 0 3 -0.2860707 799 162 845 182 2.059121 2.073281 4.939535 23.53545 -0.726613 84.82036 -0.01540574
Car 0 2 -3.008747 573 181 591 189 1.945312 1.892187 4.609375 -9.69302 0.5516214 182.2038 -3.061895
Car 0 3 0.9845072 996 138 1080 181 2.29979 2.017562 4.728489 24.73151 -0.4056112 43.04665 1.505987
Car 0 1 -0.9672021 73 215 161 250 1.429688 1.8 3.960938 -25.9165 3.019442 37.50398 -1.571885
Car 0 1 -1.01336 125 213 204 246 1.399088 1.6037 3.967162 -23.47126 2.856225 37.54829 -1.572027
Car 0 1 -1.051973 167 208 251 244 1.494964 1.698646 4.507233 -20.81698 2.685376 36.9373 -1.565179
Car 0 1 -1.111504 222 205 296 240 1.5 1.558375 4.451755 -18.36695 2.520441 37.12742 -1.570903
