Car 0.04239058 0 2.145505 0 194 265 360 1.73687 1.652467 4.107703 -6.681445 1.892403 9.986061 1.555836
Car 0 0 1.960988 238 194 386 280 1.609242 1.638188 3.998 -6.846669 1.831176 16.61418 1.570096
Car 0 1 1.798296 402 193 473 237 1.431419 1.697305 3.744055 -6.823067 1.715568 27.48199 1.554942
Car 0 0 -1.634627 640 178 670 203 1.546081 1.6639 4.146974 2.293338 1.016144 49.18168 -1.588031
Car 0 0 2.947461 715 173 797 203 1.473782 1.69797 4.648869 7.841537 0.8037424 42.1262 3.131499
Car 0 2 2.961157 713 167 785 201 1.909038 1.812069 4.330702 7.980581 0.7639878 45.22068 3.135839
Car 0 2 -1.464927 517 183 547 207 1.632486 1.608983 3.812409 -6.473212 1.424819 53.38818 -1.585587
Car 0 1 1.695946 493 188 530 215 1.430527 1.566407 3.482533 -6.321216 1.533356 42.3301 1.54771
Car 0 2 2.972742 701 172 763 198 1.630828 1.672862 4.318664 7.875685 0.7042848 51.40787 3.12476
Car 0 2 1.644973 534 184 558 202 1.530483 1.680223 3.862273 -6.614332 1.313283 64.67776 1.543061
Car 0 1 1.662419 542 185 563 200 1.420148 1.552787 3.85067 -6.568519 1.252941 70.18576 1.569103
Car 0 2 1.627839 548 184 565 199 1.427379 1.478135 3.709917 -6.62592 1.204629 75.05758 1.539789
Car 0 1 1.626644 551 184 569 198 1.400546 1.647438 4.024915 -6.736967 1.147321 81.04741 1.543711
Car 0 1 3.014734 681 174 718 191 1.639204 1.585631 3.989951 8.361467 0.4090745 77.07059 3.122803
Car 0 3 2.994904 683 174 710 191 1.719717 1.682953 2.781201 8.337217 0.3829554 79.67116 3.09917
Car 0 2 3.003859 675 175 706 191 1.674444 1.672834 3.425593 7.911951 0.3806676 81.97612 3.100076
Car 0 1 -0.4237602 866 162 927 187 1.736666 1.796667 4.374446 22.03997 -0.09660125 57.96793 -0.06042998
Car 0 2 -0.3318958 852 165 912 186 1.55 1.85 4.65 22.04969 -0.1319718 61.28065 0.01349597
Car 0 1 -0.3086566 806 168 850 185 1.532222 1.85 4.267781 21.91294 -0.2866634 76.64895 -0.03019723
Car 0 3 -0.2905613 799 168 843 185 1.665556 1.85 4.490002 21.9275 -0.3166466 79.42609 -0.02119661
Car 0 3 -0.2982404 796 169 842 184 1.532222 1.85 4.943336 22.47508 -0.3753254 82.31305 -0.03169355
Car 0 3 -0.3097819 793 169 838 184 1.567778 1.85 4.916665 22.73521 -0.4152696 84.83116 -0.04793006
Car 0 2 3.022518 668 176 700 191 1.56902 1.615801 3.690002 7.423773 0.3758743 84.82793 3.109811
Car 0 1 1.670578 557 183 575 196 1.426384 1.614783 4.125178 -6.669409 1.064041 88.62812 1.595468
Car 0 1 -1.635037 634 179 651 193 1.471051 1.596091 3.865517 2.436722 0.6529638 82.98295 -1.605681
Car 0 2 -1.615967 632 178 648 192 1.571396 1.572021 4.042688 2.331905 0.5997856 88.54985 -1.589638
Car 0 2 1.632848 562 183 576 195 1.481957 1.499868 3.577903 -6.706793 1.004299 94.48763 1.561986
Car 0 2 1.477622 630 179 645 191 1.455476 1.614714 3.60968 2.309481 0.4980508 98.32558 1.501106
Car 0 1 1.702076 566 182 581 193 1.484442 1.564952 4.090225 -6.783503 0.9112715 103.7026 1.636756
Car 0 2 -1.661573 628 179 643 190 1.462216 1.667148 3.889512 2.077179 0.4492543 104.102 -1.641623
Car 0 2 1.625464 571 182 583 192 1.561269 1.630639 3.624328 -7.119673 0.7710586 118.6741 1.565542
Car 0 2 -1.652713 626 179 638 189 1.508927 1.600727 3.541442 1.741287 0.3764414 112.6687 -1.637259
Car 0 3 -1.69735 625 179 638 189 1.531034 1.504644 3.336817 1.74622 0.3189672 118.105 -1.682566
Car 0 2 1.606899 574 182 584 191 1.456842 1.426118 3.51561 -7.078131 0.7152915 123.7685 1.549773
Car 0 0 -0.4334741 889 156 968 188 2.059121 2.073281 4.939535 21.87017 -0.02089512 51.60869 -0.0326464
Car 0 2 -2.991515 545 180 568 191 1.945312 1.892187 4.609375 -13.04896 0.7644931 148.404 -3.079218
Car 0 0 1.709936 505 188 559 223 1.406945 1.755342 4.396943 -3.980803 1.50615 33.4261 1.591402
