Car 0.9585649 1 -2.528775 943 170 1241 374 1.546081 1.6639 4.146974 2.541014 1.490477 1.723841 -1.554065
Car 0.7987705 0 -0.7785287 0 208 149 374 1.632486 1.608983 3.812409 -6.076227 1.906358 6.227653 -1.55162
Car 0 0 1.898552 307 193 435 270 1.530483 1.680223 3.862273 -5.833887 1.746837 17.51493 1.577029
Car 0 1 1.841764 398 192 482 246 1.420148 1.552787 3.85067 -5.601074 1.662755 23.01789 1.603068
Car 0 1 1.76823 445 190 505 232 1.427379 1.478135 3.709917 -5.492999 1.593725 27.8886 1.573757
Car 0 1 1.735759 477 188 529 222 1.400546 1.647438 4.024915 -5.400578 1.511063 33.87844 1.577679
Car 0 0 -3.44041 803 162 911 208 1.639204 1.585631 3.989951 9.551672 0.7463973 29.38752 -3.126155
Car 0 2 2.841377 802 162 876 205 1.719717 1.682953 2.781201 9.615747 0.709201 31.98728 3.133394
Car 0 1 2.870409 777 164 857 204 1.674444 1.672834 3.425593 9.269058 0.6982576 34.30534 3.134301
Car 0.160802 0 -0.6766071 1138 147 1241 190 1.532222 1.85 4.267781 23.07882 0.01345527 28.50245 0.004028684
Car 0 1 -0.6249164 1093 144 1226 189 1.665556 1.85 4.490002 23.18767 -0.02847362 31.27735 0.01303007
Car 0 2 -0.606861 1064 149 1192 187 1.532222 1.85 4.943336 23.83288 -0.1011032 34.14375 0.002532013
Car 0 2 -0.5968592 1041 150 1159 186 1.567778 1.85 4.916665 24.17832 -0.1525898 36.65137 -0.01370637
Car 0 1 -3.373595 756 168 833 202 1.56902 1.615801 3.690002 8.87808 0.6826457 37.17204 -3.139149
Car 0 1 1.75127 509 185 552 213 1.426384 1.614783 4.125178 -5.075656 1.395094 41.45206 1.62943
Car 0 0 -1.679245 678 176 721 209 1.471051 1.596091 3.865517 3.832063 0.9819999 35.49887 -1.571712
Car 0 2 -1.650752 672 174 708 205 1.571396 1.572021 4.042688 3.916355 0.9052617 41.06585 -1.555672
Car 0 1 1.699451 529 183 560 208 1.481957 1.499868 3.577903 -4.914039 1.310344 47.30915 1.595952
Car 0 2 1.452142 666 176 697 199 1.455476 1.614714 3.60968 4.225893 0.7616896 50.83617 1.535079
Car 0 1 1.75329 545 182 575 203 1.484442 1.564952 4.090225 -4.677795 1.178039 56.5209 1.670716
Car 0 1 -1.68152 661 176 689 197 1.462216 1.667148 3.889512 4.189917 0.6888021 56.61686 -1.60765
Car 0 1 1.662441 564 180 585 197 1.561269 1.630639 3.624328 -4.505335 0.9746208 71.49452 1.599508
Car 0 2 -1.666787 656 176 678 194 1.508927 1.600727 3.541442 4.145159 0.5802366 65.18965 -1.603287
Car 0 2 -1.709888 655 176 676 192 1.531034 1.504644 3.336817 4.334681 0.4994463 70.62237 -1.648587
Car 0 2 1.639709 571 181 588 196 1.456842 1.426118 3.51561 -4.290831 0.8968977 76.58427 1.58374
Car 0 3 -1.625734 658 177 674 191 1.393046 1.452511 3.435073 4.749645 0.4051776 76.13789 -1.563432
Car 0 3 -2.689955 335 192 367 205 1.496754 1.620751 4.107733 -38.31914 2.425818 103.1201 -3.045739
Car 0 2 -2.952351 536 178 570 194 1.945312 1.892187 4.609375 -9.42072 0.8576916 101.4085 -3.044984
