Car 0.5349301 0 -2.142821 900 183 1241 374 1.413269 1.567278 3.158158 2.845683 1.432379 3.805515 -1.500743
Car 0.1974286 0 2.219858 0 218 239 374 1.527328 1.555003 3.576751 -6.08205 1.991924 8.294318 1.587144
Car 0 0 1.756001 448 194 502 233 1.417371 1.540477 3.504343 -6.120309 1.808266 30.96889 1.560888
Car 0 1 -1.659346 662 179 709 214 1.512623 1.746308 3.775172 3.049577 1.166592 34.5108 -1.571209
Car 0 1 1.74673 477 193 523 225 1.360295 1.513462 4.017023 -6.005881 1.754854 36.54188 1.58383
Car 0 0 1.698902 509 185 546 216 1.73687 1.652467 4.107703 -5.681644 1.66497 44.84914 1.57289
Car 0 1 1.698061 523 186 555 211 1.609242 1.638188 3.998 -5.733753 1.614002 51.47921 1.587138
Car 0 1 1.660386 543 187 568 205 1.431419 1.697305 3.744055 -5.524985 1.510819 62.34515 1.571997
Car 0 0 -1.618049 646 179 664 193 1.546081 1.6639 4.146974 3.951815 0.7008275 83.88603 -1.570975
Car 0 1 -3.256133 687 175 731 192 1.473782 1.69797 4.648869 9.374071 0.3973125 76.73659 -3.134576
Car 0 2 -3.249491 688 171 728 191 1.909038 1.812069 4.330702 9.565704 0.3591206 79.82828 -3.130231
Car 0 1 -1.514935 573 183 590 198 1.632486 1.608983 3.812409 -4.734035 1.245305 88.24191 -1.568532
Car 0 0 1.626503 567 185 584 200 1.430527 1.566407 3.482533 -4.770632 1.338573 77.18271 1.564771
Car 0 3 -3.252081 683 174 720 190 1.630828 1.672862 4.318664 9.566349 0.3082576 86.01643 -3.141321
Car 0 2 1.607139 579 184 594 196 1.530483 1.680223 3.862273 -4.682629 1.149148 99.53239 1.560127
Car 0 2 1.629369 583 184 596 195 1.420148 1.552787 3.85067 -4.542997 1.094599 105.0389 1.586146
Car 0 2 1.597935 585 184 596 194 1.427379 1.478135 3.709917 -4.517324 1.052871 109.911 1.556858
Car 0 1 1.599809 586 184 598 193 1.400546 1.647438 4.024915 -4.526184 1.004263 115.902 1.560777
Car 0 2 3.046251 676 175 702 188 1.639204 1.585631 3.989951 10.48895 0.03596711 111.6674 3.139906
Car 0 3 3.024542 678 175 697 187 1.719717 1.682953 2.781201 10.50904 0.01326728 114.2681 3.116252
Car 0 2 3.030539 673 176 695 187 1.674444 1.672834 3.425593 10.12348 0.02003741 116.58 3.117159
Car 0 2 3.045997 668 177 691 187 1.56902 1.615801 3.690002 9.684399 0.02588367 119.4398 3.126902
Car 0 2 1.647535 589 183 601 192 1.426384 1.614783 4.125178 -4.329527 0.9288868 123.4805 1.612487
Car 0 1 -1.62828 644 180 656 189 1.471051 1.596091 3.865517 4.671043 0.3752458 117.6803 -1.588609
Car 0 2 -1.610382 643 179 654 189 1.571396 1.572021 4.042688 4.661194 0.3301768 123.2483 -1.57258
Car 0 2 1.612014 592 183 602 192 1.481957 1.499868 3.577903 -4.267012 0.876591 129.3399 1.579035
Car 0 2 1.482101 641 180 653 188 1.455476 1.614714 3.60968 4.805374 0.2402701 133.0231 1.51821
Car 0 1 1.683946 593 183 604 191 1.484442 1.564952 4.090225 -4.186623 0.795543 138.5549 1.653739
Car 0 2 -1.658163 640 180 651 188 1.462216 1.667148 3.889512 4.671757 0.2017322 138.8027 -1.624518
Car 0 2 1.610376 596 182 605 190 1.561269 1.630639 3.624328 -4.26733 0.6779499 153.5302 1.582588
Car 0 2 -1.650563 638 180 648 188 1.508927 1.600727 3.541442 4.482178 0.1440048 147.374 -1.620159
Car 0 3 -1.695385 638 180 647 187 1.531034 1.504644 3.336817 4.579739 0.09284854 152.8095 -1.665424
Car 0 3 1.59292 598 183 606 190 1.456842 1.426118 3.51561 -4.139008 0.6275518 158.6232 1.566833
Car 0 2 -0.2829045 797 163 842 183 2.059121 2.073281 4.939535 23.54985 -0.6255815 85.97787 -0.01555568
Car 0 3 -3.009277 573 182 592 190 1.945312 1.892187 4.609375 -9.683891 0.7948432 183.3575 -3.062042
Car 0 3 0.9955395 987 140 1068 182 2.29979 2.017562 4.728489 24.74839 -0.3625805 44.20383 1.505929
Car 0 1 -0.9816253 90 215 174 248 1.429688 1.8 3.960938 -25.89853 3.066422 38.65351 -1.571944
Car 0 1 -1.027225 141 213 217 245 1.399088 1.6037 3.967162 -23.45332 2.902706 38.69818 -1.572087
Car 0 1 -1.065407 182 208 262 243 1.494964 1.698646 4.507233 -20.79905 2.730404 38.08759 -1.565239
Car 0 1 -1.123961 235 205 306 239 1.5 1.558375 4.451755 -18.34906 2.565171 38.27808 -1.570963
