Car 0 0 -1.685133 671 180 746 239 1.546081 1.6639 4.146974 2.539284 1.36384 21.60638 -1.568145
Car 0 0 -3.635068 891 169 1163 256 1.473782 1.69797 4.648869 7.948672 1.198802 14.44268 -3.131948
Car 0 1 -3.562683 858 152 1066 241 1.909038 1.812069 4.330702 8.149311 1.164423 17.53384 -3.127609
Car 0 0 -1.333447 410 188 483 239 1.632486 1.608983 3.812409 -6.146031 1.688787 25.98518 -1.565699
Car 0 0 1.962084 234 201 384 286 1.430527 1.566407 3.482533 -6.213973 1.784706 14.92614 1.567593
Car 0 1 -3.470272 800 169 944 225 1.630828 1.672862 4.318664 8.167468 1.111579 23.72195 -3.138684
Car 0 1 1.724174 478 187 524 220 1.530483 1.680223 3.862273 -6.062602 1.590275 37.27544 1.562942
Car 0 1 1.726207 501 188 539 215 1.420148 1.552787 3.85067 -5.907203 1.537454 42.78152 1.588996
Car 0 1 1.682185 516 187 546 211 1.427379 1.478135 3.709917 -5.867702 1.494799 47.65357 1.559669
Car 0 1 1.672392 526 187 555 207 1.400546 1.647438 4.024915 -5.859624 1.444034 53.64448 1.563593
Car 0 1 -3.324167 725 174 786 201 1.639204 1.585631 3.989951 9.163904 0.854175 49.37033 -3.14064
Car 0 2 2.943878 728 174 770 199 1.719717 1.682953 2.781201 9.191383 0.8311402 51.97089 3.118924
Car 0 2 2.958905 715 175 763 199 1.674444 1.672834 3.425593 8.811846 0.8274813 54.28383 3.11983
Car 0 0 -0.6834285 1098 154 1232 200 1.736666 1.796667 4.374446 22.4662 0.4630803 30.00116 -0.0406674
Car 0 2 -0.5616695 1050 160 1176 198 1.55 1.85 4.65 22.54183 0.4320514 33.31307 0.03322402
Car 0 3 -0.4183915 896 168 970 191 1.532222 1.85 4.943336 23.38573 0.2199602 54.33319 -0.0119446
Car 0 3 -0.4231193 888 168 958 190 1.567778 1.85 4.916665 23.69603 0.1858854 56.84568 -0.02817335
Car 0 3 2.983948 703 176 751 198 1.56902 1.615801 3.690002 8.380266 0.821378 57.14473 3.12956
Car 0 1 1.707257 540 186 567 204 1.426384 1.614783 4.125178 -5.641244 1.371149 61.22245 1.615373
Car 0 1 -1.646293 652 181 678 201 1.471051 1.596091 3.865517 3.355124 1.045409 55.39855 -1.585803
Car 0 2 -1.624826 650 180 672 199 1.571396 1.572021 4.042688 3.361025 0.9982954 60.9665 -1.569753
Car 0 1 1.664602 550 185 571 202 1.481957 1.499868 3.577903 -5.562071 1.318531 67.08161 1.581876
Car 0 2 1.471065 647 181 668 197 1.455476 1.614714 3.60968 3.533054 0.9088534 70.74084 1.520968
Car 0 1 1.728063 558 184 579 199 1.484442 1.564952 4.090225 -5.4555 1.236527 76.29636 1.65668
Car 0 1 -1.666368 643 181 663 195 1.462216 1.667148 3.889512 3.415607 0.8650936 76.52075 -1.621762
Car 0 1 1.645555 569 183 585 196 1.561269 1.630639 3.624328 -5.493927 1.112072 91.27179 1.585434
Car 0 2 -1.655572 640 180 657 194 1.508927 1.600727 3.541442 3.250036 0.7998383 85.0925 -1.617396
Car 0 3 -1.699857 640 180 656 193 1.531034 1.504644 3.336817 3.363117 0.7493769 90.52771 -1.662724
Car 0 2 1.62513 574 183 587 195 1.456842 1.426118 3.51561 -5.351021 1.063252 96.3644 1.569658
Car 0.8950278 0 -0.7660775 1201 143 1241 206 2.059121 2.073281 4.939535 22.16986 0.5289156 23.64646 -0.01289692
Car 0 2 -2.9703 542 181 570 194 1.945312 1.892187 4.609375 -10.83344 1.08331 121.1132 -3.059511
Car 0.4703894 0 2.189698 0 221 310 374 1.414443 1.655112 3.354591 -3.841865 1.766187 5.386952 1.570182
