Car 0.989904 2 -2.854006 1037 176 1241 374 1.50992 1.85 4.930564 2.868212 1.447356 0.8488724 -1.570955
Car 0 0 -1.944514 779 181 1095 367 1.404795 1.612032 3.772344 2.974504 1.375889 7.600559 -1.571484
Car 0 0 -1.711483 722 180 837 269 1.413269 1.567278 3.158158 2.923447 1.321197 13.73305 -1.501737
Car 0 0 1.904738 317 199 432 273 1.527328 1.555003 3.576751 -6.007218 1.897058 18.21394 1.586158
Car 0 0 1.707229 493 190 531 219 1.417371 1.540477 3.504343 -6.067788 1.68596 40.88822 1.559905
Car 0 1 -1.641775 654 178 689 205 1.512623 1.746308 3.775172 3.097087 1.017629 44.43816 -1.572193
Car 0 1 1.710402 509 190 544 214 1.360295 1.513462 4.017023 -5.95886 1.625502 46.46125 1.582844
Car 0 1 1.674574 530 183 560 208 1.73687 1.652467 4.107703 -5.642851 1.52474 54.7687 1.571906
Car 0 2 1.678746 540 184 566 205 1.609242 1.638188 3.998 -5.701481 1.465849 61.39864 1.586151
Car 0 1 1.647023 554 185 576 201 1.431419 1.697305 3.744055 -5.503433 1.348963 72.26466 1.571013
Car 0 0 -1.614045 644 178 659 191 1.546081 1.6639 4.146974 3.950586 0.4897087 93.81362 -1.571959
Car 0 1 -3.243252 680 175 719 189 1.473782 1.69797 4.648869 9.378981 0.1816556 86.66904 -3.135455
Car 0 2 -3.237298 680 171 716 189 1.909038 1.812069 4.330702 9.567535 0.1392422 89.76086 -3.13111
Car 0 1 -1.521286 578 182 593 195 1.632486 1.608983 3.812409 -4.738102 1.050074 98.16182 -1.569517
Car 0 0 1.618426 573 184 589 197 1.430527 1.566407 3.482533 -4.763813 1.15686 87.1027 1.563788
Car 0 3 3.041655 677 174 709 188 1.630828 1.672862 4.318664 9.562088 0.08086348 95.94894 3.140985
Car 0 2 1.602039 583 182 596 193 1.530483 1.680223 3.862273 -4.697811 0.9400824 109.4522 1.559144
Car 0 2 1.624836 586 183 598 193 1.420148 1.552787 3.85067 -4.563625 0.8785063 114.9588 1.585159
Car 0 2 1.593768 588 183 598 192 1.427379 1.478135 3.709917 -4.542751 0.8307999 119.8309 1.555876
Car 0 2 1.596 589 183 600 191 1.400546 1.647438 4.024915 -4.557508 0.7749391 125.8217 1.559794
Car 0 2 3.053223 671 175 695 186 1.639204 1.585631 3.989951 10.45928 -0.2248235 121.6005 3.139026
Car 0 3 3.031214 673 175 690 186 1.719717 1.682953 2.781201 10.47681 -0.25073 124.2011 3.115368
Car 0 2 3.036696 669 175 689 186 1.674444 1.672834 3.425593 10.08904 -0.2458274 126.5126 3.116275
Car 0 3 3.051588 664 176 685 186 1.56902 1.615801 3.690002 9.647232 -0.242383 129.372 3.12602
Car 0 2 1.644231 591 182 602 191 1.426384 1.614783 4.125178 -4.368338 0.6898804 133.4004 1.611496
Car 0 2 -1.625907 642 179 653 188 1.471051 1.596091 3.865517 4.636436 0.1213384 127.6082 -1.58959
Car 0 2 -1.60825 641 178 651 187 1.571396 1.572021 4.042688 4.621117 0.06953263 133.1761 -1.573564
Car 0 2 1.609001 594 182 603 190 1.481957 1.499868 3.577903 -4.311615 0.6303177 139.2597 1.57805
Car 0 2 1.483979 640 179 650 187 1.455476 1.614714 3.60968 4.755646 -0.03259492 142.9509 1.517234
Car 0 1 1.681294 595 182 605 190 1.484442 1.564952 4.090225 -4.240311 0.537884 148.4747 1.652743
Car 0 2 -1.656522 638 179 649 186 1.462216 1.667148 3.889512 4.616348 -0.07782507 148.7303 -1.625494
Car 0 3 1.608122 597 181 606 189 1.561269 1.630639 3.624328 -4.335732 0.4023037 163.4498 1.581602
Car 0 2 -1.649216 637 179 646 186 1.508927 1.600727 3.541442 4.418385 -0.1454983 157.3013 -1.621135
Car 0 3 -1.694103 636 179 645 186 1.531034 1.504644 3.336817 4.510582 -0.2034926 162.7369 -1.666393
Car 0 2 1.590838 599 182 606 188 1.456842 1.426118 3.51561 -4.21244 0.3454087 168.5428 1.56585
Car 0 1 -0.2571208 779 163 819 181 2.059121 2.073281 4.939535 23.5433 -0.8870218 95.92269 -0.01643812
Car 0 3 -3.012347 575 181 593 189 1.945312 1.892187 4.609375 -9.78075 0.4961848 193.272 -3.062911
Car 0 1 -1.158128 277 202 334 229 1.494964 1.698646 4.507233 -20.75109 2.635242 47.99393 -1.566224
Car 0 1 -1.208966 319 200 369 226 1.5 1.558375 4.451755 -18.3017 2.463804 48.18657 -1.571947
