Car 0 1 2.065919 86 212 309 323 1.431419 1.697305 3.744055 -7.024521 1.974297 12.56614 1.556189
Car 0 0 -1.648454 644 180 688 217 1.546081 1.6639 4.146974 2.115292 1.28131 34.2562 -1.586783
Car 0 1 2.858308 760 171 892 218 1.473782 1.69797 4.648869 7.652597 1.007403 27.19428 3.132619
Car 0 2 2.885058 752 162 864 214 1.909038 1.812069 4.330702 7.795426 0.9766698 30.28869 3.136961
Car 0 1 -1.413366 472 188 516 223 1.632486 1.608983 3.812409 -6.64266 1.764754 38.47268 -1.58434
Car 0 2 1.781918 414 196 478 240 1.430527 1.566407 3.482533 -6.504442 1.836525 27.41411 1.54896
Car 0 2 2.917881 729 171 819 208 1.630828 1.672862 4.318664 7.698248 0.9376767 36.47617 3.125878
Car 0 1 1.679523 505 188 537 213 1.530483 1.680223 3.862273 -6.769716 1.690655 49.76273 1.544313
Car 0 1 1.691282 518 189 546 210 1.420148 1.552787 3.85067 -6.717081 1.647779 55.27083 1.570344
Car 0 2 1.65311 527 188 550 207 1.427379 1.478135 3.709917 -6.768414 1.615597 60.14285 1.541043
Car 0 1 1.648503 533 188 556 205 1.400546 1.647438 4.024915 -6.871995 1.578405 66.13297 1.544963
Car 0 0 2.992468 693 175 740 196 1.639204 1.585631 3.989951 8.215685 0.7219375 62.13908 3.12392
Car 0 2 2.974369 696 175 729 195 1.719717 1.682953 2.781201 8.19467 0.7043847 64.73975 3.100278
Car 0 2 2.985771 686 175 724 195 1.674444 1.672834 3.425593 7.772427 0.7125072 67.04525 3.101184
Car 0 1 -0.5295562 946 156 1033 190 1.736666 1.796667 4.374446 21.8652 0.05911195 43.02049 -0.05932968
Car 0 1 -0.4265431 922 161 1006 189 1.55 1.85 4.65 21.87904 0.03436947 46.33329 0.01462641
Car 0 1 -0.3681492 849 166 905 187 1.532222 1.85 4.267781 21.76141 -0.06974506 61.70218 -0.02908479
Car 0 3 -0.3458217 838 166 894 187 1.665556 1.85 4.490002 21.77942 -0.09086299 64.47939 -0.02008055
Car 0 2 3.007032 677 177 716 195 1.56902 1.615801 3.690002 7.287979 0.7203293 69.89767 3.110923
Car 0 1 1.68862 543 187 564 203 1.426384 1.614783 4.125178 -6.795059 1.51913 73.71382 1.596698
Car 0 1 -1.638216 635 182 656 198 1.471051 1.596091 3.865517 2.300564 1.026269 68.05826 -1.604426
Car 0 2 -1.618299 633 181 652 197 1.571396 1.572021 4.042688 2.202692 0.9917971 73.62543 -1.58839
Car 0 2 1.648793 550 186 567 201 1.481957 1.499868 3.577903 -6.825151 1.478568 79.57353 1.56323
Car 0 2 1.476094 631 182 649 195 1.455476 1.614714 3.60968 2.192402 0.9217834 83.40146 1.502375
Car 0 1 1.715418 555 186 573 199 1.484442 1.564952 4.090225 -6.890406 1.415831 88.78882 1.637969
Car 0 2 -1.662411 628 182 646 194 1.462216 1.667148 3.889512 1.967365 0.8932596 89.17827 -1.640353
Car 0 1 1.63614 563 185 577 196 1.561269 1.630639 3.624328 -7.207867 1.326306 103.7612 1.566785
Car 0 2 -1.652791 626 181 640 193 1.508927 1.600727 3.541442 1.642225 0.8504519 97.74559 -1.635992
Car 0 3 -1.697308 625 181 640 193 1.531034 1.504644 3.336817 1.653896 0.8104963 103.182 -1.68128
Car 0 2 1.616703 567 185 579 196 1.456842 1.426118 3.51561 -7.160006 1.286698 108.8557 1.551022
Car 0 1 -0.5657306 991 145 1110 192 2.059121 2.073281 4.939535 21.68759 0.1154699 36.66127 -0.03153503
Car 0 2 -2.980267 537 183 562 195 1.945312 1.892187 4.609375 -13.09798 1.457118 133.4986 -3.078067
Car 0 0 1.845314 310 202 482 305 1.406945 1.755342 4.396943 -3.866744 1.783087 13.38528 1.564089
Car 0 1 1.760965 436 196 517 252 1.414443 1.655112 3.354591 -4.171336 1.741693 21.59 1.57011
