Car 0.8474246 1 2.354399 0 226 110 374 1.431419 1.697305 3.744055 -7.008878 1.930817 6.95173 1.564908
Car 0 0 -1.659317 654 181 708 225 1.546081 1.6639 4.146974 2.325806 1.354129 28.56205 -1.578066
Car 0 0 2.792324 801 173 973 231 1.473782 1.69797 4.648869 7.804851 1.147153 21.45257 3.141256
Car 0 1 -3.451728 788 161 928 224 1.909038 1.812069 4.330702 7.974773 1.118718 24.54564 -3.13759
Car 0 0 -1.383209 451 188 504 228 1.632486 1.608983 3.812409 -6.400681 1.730497 32.85401 -1.575621
Car 0 2 1.841557 361 197 449 253 1.430527 1.566407 3.482533 -6.358894 1.802039 21.79466 1.557673
Car 0 1 2.881957 755 172 863 215 1.630828 1.672862 4.318664 7.931535 1.079609 30.73373 3.134519
Car 0 1 1.697648 495 188 533 216 1.530483 1.680223 3.862273 -6.429277 1.656805 44.14474 1.553024
Car 0 1 1.705846 512 189 543 212 1.420148 1.552787 3.85067 -6.328539 1.615539 49.65219 1.579072
Car 0 1 1.665462 523 188 549 209 1.427379 1.478135 3.709917 -6.337379 1.583576 54.52447 1.549751
Car 0 1 1.658857 531 188 556 206 1.400546 1.647438 4.024915 -6.388745 1.546155 60.51527 1.553674
Car 0 0 2.979953 706 176 759 199 1.639204 1.585631 3.989951 8.673269 0.8747201 56.39121 3.132562
Car 0 3 2.962929 709 175 746 198 1.719717 1.682953 2.781201 8.674942 0.8573625 58.99197 3.108935
Car 0 2 2.975702 698 176 740 198 1.674444 1.672834 3.425593 8.272558 0.8606899 61.30104 3.109841
Car 0 2 -0.5885225 1003 158 1105 196 1.736666 1.796667 4.374446 22.16424 0.3765831 37.15546 -0.05066044
Car 0 1 -0.4786386 970 163 1069 195 1.55 1.85 4.65 22.207 0.3525897 40.46802 0.02324779
Car 0 3 -0.3992187 878 169 941 191 1.532222 1.85 4.267781 22.22343 0.24971 55.83735 -0.02043511
Car 0 3 2.998396 688 178 730 197 1.56902 1.615801 3.690002 7.812714 0.8630463 64.15754 3.119573
Car 0 1 1.696905 542 187 566 203 1.426384 1.614783 4.125178 -6.245594 1.48915 68.09517 1.605443
Car 0 1 -1.640689 642 182 665 200 1.471051 1.596091 3.865517 2.806202 1.107269 62.36126 -1.59572
Car 0 2 -1.620236 640 181 660 199 1.571396 1.572021 4.042688 2.756866 1.072565 67.92908 -1.579673
Car 0 2 1.655923 550 186 569 202 1.481957 1.499868 3.577903 -6.224566 1.449241 73.95493 1.571953
Car 0 2 1.47463 638 182 657 197 1.455476 1.614714 3.60968 2.83189 1.004131 77.70483 1.511058
Car 0 1 1.721261 557 185 576 199 1.484442 1.564952 4.090225 -6.209433 1.387309 83.17044 1.64674
Car 0 2 -1.663488 635 182 653 196 1.462216 1.667148 3.889512 2.657129 0.9738456 83.48338 -1.631671
Car 0 1 1.640591 566 184 581 197 1.561269 1.630639 3.624328 -6.396414 1.29649 98.145 1.57551
Car 0 2 -1.653443 632 182 648 194 1.508927 1.600727 3.541442 2.406563 0.9285309 92.05319 -1.627306
Car 0 3 -1.697911 632 182 647 194 1.531034 1.504644 3.336817 2.465698 0.8896685 97.48935 -1.672624
Car 0 2 1.620725 570 185 582 196 1.456842 1.426118 3.51561 -6.304068 1.25836 103.2389 1.559737
Car 0 0 -0.6416791 1065 145 1212 200 2.059121 2.073281 4.939535 21.93102 0.4296446 30.798 -0.02288368
Car 0 2 -2.975713 539 183 566 195 1.945312 1.892187 4.609375 -12.03058 1.359986 127.9322 -3.069476
Car 0.2210727 0 2.052598 0 216 383 374 1.406945 1.755342 4.396943 -3.705113 1.779884 6.597637 1.540906
Car 0 0 1.848222 333 201 475 292 1.414443 1.655112 3.354591 -3.955149 1.743239 13.85887 1.570224
