Car 0 0 1.821019 385 200 464 252 1.417371 1.540477 3.504343 -6.211668 1.89843 23.4104 1.561657
Car 0 0 -1.67991 671 179 732 225 1.512623 1.746308 3.775172 2.961658 1.271812 26.94609 -1.570439
Car 0 1 1.791806 434 197 497 238 1.360295 1.513462 4.017023 -6.092937 1.851877 28.98336 1.584602
Car 0 0 1.726972 483 187 530 224 1.73687 1.652467 4.107703 -5.762276 1.7724 37.29047 1.573661
Car 0 1 1.719414 504 188 543 218 1.609242 1.638188 3.998 -5.809277 1.729372 43.92064 1.58791
Car 0 1 1.674487 531 189 561 210 1.431419 1.697305 3.744055 -5.592123 1.639547 54.78654 1.572768
Car 0 0 -1.621286 648 180 667 196 1.546081 1.6639 4.146974 3.902002 0.8666927 76.32114 -1.570204
Car 0 1 -3.267821 694 176 743 194 1.473782 1.69797 4.648869 9.319178 0.5609255 69.16795 -3.133895
Car 0 2 -3.260451 694 172 738 193 1.909038 1.812069 4.330702 9.513205 0.5266896 72.25953 -3.129551
Car 0 1 -1.508572 568 184 586 200 1.632486 1.608983 3.812409 -4.781166 1.406214 80.68298 -1.567762
Car 0 0 1.63475 560 187 580 203 1.430527 1.566407 3.482533 -4.82628 1.486093 69.6237 1.565541
Car 0 3 -3.261386 689 175 729 192 1.630828 1.672862 4.318664 9.51862 0.4832953 78.44774 -3.140639
Car 0 1 1.612182 575 185 591 198 1.530483 1.680223 3.862273 -4.721052 1.323743 91.97353 1.560897
Car 0 2 1.633838 579 185 594 197 1.420148 1.552787 3.85067 -4.577175 1.276003 97.47997 1.586917
Car 0 2 1.602031 582 185 594 196 1.427379 1.478135 3.709917 -4.547741 1.240185 102.3521 1.557628
Car 0 1 1.603536 584 185 597 195 1.400546 1.647438 4.024915 -4.551994 1.198797 108.3431 1.561546
Car 0 1 3.040432 680 176 708 189 1.639204 1.585631 3.989951 10.46104 0.2430446 104.0983 3.140588
Car 0 3 3.019 682 176 702 189 1.719717 1.682953 2.781201 10.48314 0.2235072 106.699 3.116935
Car 0 2 3.025461 676 176 700 189 1.674444 1.672834 3.425593 10.09933 0.2326138 109.0112 3.117842
Car 0 2 -0.2403416 773 170 805 183 1.532222 1.85 4.267781 23.99193 -0.6403513 103.4357 -0.01242183
Car 0 3 -0.2261453 769 170 801 183 1.665556 1.85 4.490002 24.05594 -0.6638634 106.2122 -0.003413745
Car 0 3 -0.236188 767 171 802 183 1.532222 1.85 4.943336 24.65442 -0.7231483 109.0891 -0.01391948
Car 0 2 3.041428 671 177 695 189 1.56902 1.615801 3.690002 9.662434 0.2413948 111.8713 3.127585
Car 0 2 1.650763 587 184 600 194 1.426384 1.614783 4.125178 -4.349474 1.132797 115.9216 1.61326
Car 0 1 -1.630019 645 180 658 191 1.471051 1.596091 3.865517 4.647324 0.5827391 110.1152 -1.58784
Car 0 2 -1.611913 644 180 656 190 1.571396 1.572021 4.042688 4.641762 0.544378 115.6833 -1.57181
Car 0 2 1.614957 590 184 600 193 1.481957 1.499868 3.577903 -4.28245 1.087646 121.781 1.579806
Car 0 2 1.480787 643 181 654 190 1.455476 1.614714 3.60968 4.793491 0.4664366 125.4581 1.518976
Car 0 1 1.686527 591 184 603 193 1.484442 1.564952 4.090225 -4.194956 1.017813 130.996 1.654514
Car 0 2 -1.659278 641 181 652 189 1.462216 1.667148 3.889512 4.664303 0.4347165 131.2378 -1.623752
Car 0 2 1.612563 595 183 604 191 1.561269 1.630639 3.624328 -4.264126 0.9181969 145.9715 1.583359
Car 0 2 -1.651434 639 181 649 189 1.508927 1.600727 3.541442 4.481319 0.38711 139.8093 -1.619392
Car 0 3 -1.696205 639 180 649 188 1.531034 1.504644 3.336817 4.583076 0.3426278 145.2448 -1.664661
Car 0 2 1.594948 597 184 605 191 1.456842 1.426118 3.51561 -4.131866 0.8740959 151.0645 1.567603
Car 0 2 -3.006484 571 182 591 192 1.945312 1.892187 4.609375 -9.658134 1.064716 175.8028 -3.061366
Car 0 0 0.9139181 1058 133 1165 184 2.29979 2.017562 4.728489 24.66962 -0.2201511 36.62442 1.506694
Car 0.305172 1 -0.8752664 0 223 70 263 1.429688 1.8 3.960938 -25.9855 3.142605 31.10858 -1.571174
Car 0 1 -0.9242014 15 220 122 262 1.399088 1.6037 3.967162 -23.54008 2.981817 31.15158 -1.571317
Car 0 1 -0.9646224 63 215 177 260 1.494964 1.698646 4.507233 -20.88606 2.811899 30.53918 -1.564468
Car 0 1 -1.029798 131 211 232 255 1.5 1.558375 4.451755 -18.43574 2.649776 30.72799 -1.570192
