Car 0.9970348 3 -2.73648 1152 180 1241 374 1.571396 1.572021 4.042688 3.287102 1.517635 1.417014 -1.572696
Car 0.2635858 0 2.224683 0 207 237 374 1.481957 1.499868 3.577903 -5.656106 1.759289 7.506303 1.578936
Car 0 0 1.220583 760 182 952 297 1.455476 1.614714 3.60968 3.430412 1.393035 11.19145 1.518011
Car 0 0 1.975672 299 192 441 269 1.484442 1.564952 4.090225 -5.576625 1.643792 16.72097 1.653762
Car 0 1 -1.816543 709 181 824 253 1.462216 1.667148 3.889512 3.295926 1.327112 16.97077 -1.624719
Car 0 0 1.759179 462 184 517 223 1.561269 1.630639 3.624328 -5.659133 1.463579 31.69565 1.582495
Car 0 1 -1.741328 678 179 743 225 1.508927 1.600727 3.541442 3.105088 1.229042 25.54168 -1.620352
Car 0 2 -1.7687 671 178 722 216 1.531034 1.504644 3.336817 3.202197 1.15914 30.97698 -1.665692
Car 0 1 1.715947 491 185 530 216 1.456842 1.426118 3.51561 -5.531182 1.396775 36.78846 1.566714
Car 0 2 -1.676702 673 180 710 210 1.393046 1.452511 3.435073 3.523495 1.080253 36.49899 -1.580463
Car 0 2 -3.29336 740 176 781 193 1.382211 1.434529 3.400866 11.77279 0.4860917 61.24031 -3.103438
Car 0 3 -3.302638 700 147 798 191 4.200121 3.014801 9.963866 13.05584 0.2808198 74.31708 -3.128735
Car 0 3 1.073047 452 183 489 200 1.615665 1.839667 4.097933 -14.61226 1.306515 70.41737 0.8684413
Car 0 1 -2.884085 461 178 518 203 1.945312 1.892187 4.609375 -11.08773 1.290732 61.52052 -3.062399
