Car 0 0 1.946202 252 194 405 287 1.561269 1.630639 3.624328 -5.797334 1.765107 14.92479 1.575704
Car 0 0 -1.954997 761 177 1015 335 1.508927 1.600727 3.541442 3.003472 1.405137 8.829365 -1.627108
Car 0 1 -1.883971 716 176 848 266 1.531034 1.504644 3.336817 3.063648 1.340373 14.26526 -1.672421
Car 0 1 1.837514 364 194 454 256 1.456842 1.426118 3.51561 -5.70401 1.70262 20.0184 1.559932
Car 0 1 -1.754802 706 181 785 239 1.393046 1.452511 3.435073 3.347292 1.263706 19.78936 -1.587242
Car 0 1 -3.360921 777 173 836 198 1.382211 1.434529 3.400866 11.42386 0.5877028 44.58551 -3.110093
Car 0 3 -3.350796 716 136 844 195 4.200121 3.014801 9.963866 12.61743 0.3806494 57.67072 -3.135405
Car 0 3 -0.3404572 872 166 958 200 1.462113 1.758562 3.665867 14.47152 0.5393733 35.76416 0.04404047
Car 0 2 2.778771 852 165 936 194 1.575508 1.789188 4.699617 16.68695 0.3335236 44.3611 3.13856
Car 0 3 1.005619 432 187 479 209 1.516165 1.552475 3.912388 -12.36334 1.639056 54.16674 0.7812168
Car 0 2 1.135061 394 188 442 211 1.615665 1.839667 4.097933 -15.0079 1.774658 53.5864 0.8619881
Car 0 3 2.874224 99 202 167 226 1.549682 1.800742 3.980218 -36.04272 2.799342 53.70835 2.28317
Car 0 1 -2.818865 394 181 475 217 1.945312 1.892187 4.609375 -11.42509 1.700814 44.71316 -3.069032
