Car 0.869714 0 2.324621 0 220 110 374 1.456842 1.426118 3.51561 -6.118175 1.831975 6.039249 1.532731
Car 0.04227561 0 -2.06615 817 190 1229 374 1.393046 1.452511 3.435073 2.938723 1.453197 6.057216 -1.614444
Car 0.02835524 3 0.6456566 0 208 159 260 1.312963 1.610742 4.509785 -16.74553 2.075685 22.11468 -0.002444856
Car 0 0 -3.45871 819 173 906 208 1.382211 1.434529 3.400866 10.34041 0.8319468 31.06454 -3.137378
Car 0 3 2.872678 721 124 891 201 4.200121 3.014801 9.963866 11.17806 0.6333969 44.17747 3.120503
Car 0 2 -0.5312063 991 163 1141 216 1.462113 1.758562 3.665867 13.62775 0.8034834 22.32958 0.01675247
Car 0 1 2.644613 924 162 1050 204 1.575508 1.789188 4.699617 15.60924 0.6127313 30.98378 3.111286
Car 0 2 1.083985 342 190 403 219 1.516165 1.552475 3.912388 -13.70567 1.725653 39.99332 0.7538294
Car 0 0 -2.70787 259 182 383 233 1.945312 1.892187 4.609375 -12.5104 1.793232 30.56881 -3.096328
Car 0 2 -2.535471 81 203 194 240 1.337052 1.655838 3.804953 -20.22727 2.116973 30.47282 -3.121473
