Car 0 0 1.924967 279 196 419 282 1.561269 1.630639 3.624328 -5.76797 1.812928 15.90683 1.577103
Car 0 0 -1.924968 750 179 970 318 1.508927 1.600727 3.541442 3.023659 1.420664 9.800163 -1.625702
Car 0 1 -1.871196 711 178 833 262 1.531034 1.504644 3.336817 3.091443 1.373147 15.23615 -1.671012
Car 0 1 1.824929 379 196 463 255 1.456842 1.426118 3.51561 -5.667521 1.766548 21.00048 1.561333
Car 0 1 -1.747368 703 183 778 238 1.393046 1.452511 3.435073 3.382801 1.313682 20.76006 -1.58584
Car 0 1 -3.356018 775 175 833 199 1.382211 1.434529 3.400866 11.4935 0.7049553 45.54681 -3.108833
Car 0 3 -3.347548 715 138 842 196 4.200121 3.014801 9.963866 12.70531 0.5378869 58.63092 -3.134148
Car 0 3 -0.3314435 867 169 950 201 1.462113 1.758562 3.665867 14.52858 0.624043 36.72136 0.045302
Car 0 3 2.785649 848 167 931 196 1.575508 1.789188 4.699617 16.75589 0.4423726 45.31578 3.139817
Car 0 3 1.001631 436 190 482 211 1.516165 1.552475 3.912388 -12.27854 1.82161 55.15823 0.7825963
Car 0 2 1.130278 399 190 446 213 1.615665 1.839667 4.097933 -14.92373 1.959224 54.58119 0.8633786
Car 0 3 2.865732 111 205 177 229 1.549682 1.800742 3.980218 -35.95684 3.015023 54.72957 2.284458
Car 0 1 -2.824276 400 184 479 218 1.945312 1.892187 4.609375 -11.3536 1.85185 45.70317 -3.067767
