Car 0.9922166 3 -2.809679 1076 188 1241 374 1.531034 1.504644 3.336817 2.809008 1.515674 1.388866 -1.698066
Car 0.6179931 0 2.257639 0 216 163 374 1.456842 1.426118 3.51561 -6.105584 1.824662 6.914826 1.534313
Car 0 0 -2.016056 798 189 1133 374 1.393046 1.452511 3.435073 2.951148 1.441534 6.918453 -1.612863
Car 0 3 0.62722 3 207 177 258 1.312963 1.610742 4.509785 -16.7073 2.074829 23.00708 -0.0008615804
Car 0 0 -3.450597 815 173 900 207 1.382211 1.434529 3.400866 10.39221 0.8188292 31.91405 -3.135794
Car 0 3 2.877229 720 125 887 201 4.200121 3.014801 9.963866 11.25057 0.6209787 45.02566 3.122086
Car 0 2 -0.5144762 979 164 1122 215 1.462113 1.758562 3.665867 13.66566 0.7880522 23.17389 0.01833612
Car 0 1 2.655568 918 162 1040 203 1.575508 1.789188 4.699617 15.6608 0.5970752 31.82495 3.112869
Car 0 2 1.077443 349 190 409 218 1.516165 1.552475 3.912388 -13.63924 1.724839 40.88089 0.7554223
Car 0 0 -2.717611 271 182 391 231 1.945312 1.892187 4.609375 -12.4589 1.791052 31.45451 -3.094744
Car 0 1 -2.548352 98 203 207 239 1.337052 1.655838 3.804953 -20.17575 2.118493 31.37073 -3.119889
