Car 0.9986203 2 2.463903 0 232 29 374 1.427379 1.478135 3.709917 -6.072916 1.852827 4.78284 1.560222
Car 0 0 2.076629 52 208 322 337 1.400546 1.647438 4.024915 -6.061524 1.796513 10.77369 1.564146
Car 0.9023184 1 2.339756 1176 152 1241 288 1.719717 1.682953 2.781201 8.989268 1.202548 9.091372 3.119507
Car 0.1311272 1 2.473686 1031 155 1241 274 1.674444 1.672834 3.425593 8.610996 1.196305 11.40451 3.120413
Car 0 1 2.609455 928 164 1156 255 1.56902 1.615801 3.690002 8.180981 1.187049 14.26564 3.130142
Car 0 0 1.923974 320 196 445 265 1.426384 1.614783 4.125178 -5.838939 1.71685 18.35148 1.615929
Car 0 0 -1.832035 735 182 892 285 1.471051 1.596091 3.865517 3.154634 1.406899 12.5224 -1.58525
Car 0 1 -1.742328 704 178 799 249 1.571396 1.572021 4.042688 3.163615 1.354626 18.09029 -1.569199
Car 0 1 1.815865 408 191 482 241 1.481957 1.499868 3.577903 -5.756516 1.658888 24.21054 1.582431
Car 0 1 1.402184 679 181 739 223 1.455476 1.614714 3.60968 3.341067 1.256315 27.86447 1.521518
Car 0 0 1.82454 468 188 525 224 1.484442 1.564952 4.090225 -5.644835 1.568457 33.42515 1.657239
Car 0 1 -1.716828 666 181 716 215 1.462216 1.667148 3.889512 3.226812 1.207057 33.64439 -1.621211
Car 0 1 1.702706 518 184 551 209 1.561269 1.630639 3.624328 -5.674977 1.430064 48.40047 1.585988
Car 0 1 -1.689344 656 180 692 208 1.508927 1.600727 3.541442 3.065976 1.133658 42.21616 -1.616845
Car 0 2 -1.728855 653 180 685 204 1.531034 1.504644 3.336817 3.18207 1.078285 47.65125 -1.662176
Car 0 1 1.673209 533 185 558 206 1.456842 1.426118 3.51561 -5.529242 1.376685 53.49296 1.570211
Car 0 3 -1.643117 657 181 681 201 1.393046 1.452511 3.435073 3.522614 1.013018 53.17228 -1.576965
Car 0 3 -3.251055 715 177 747 191 1.382211 1.434529 3.400866 11.85675 0.445033 77.88577 -3.099983
Car 0 3 1.036788 485 185 516 199 1.615665 1.839667 4.097933 -14.49094 1.42587 87.15398 0.8720274
Car 0 2 -2.919288 496 181 541 200 1.945312 1.892187 4.609375 -10.99822 1.367453 78.24477 -3.058935
