Car 0.7387745 0 0.767952 957 180 1241 374 1.455476 1.614714 3.60968 3.466071 1.440541 3.729123 1.516807
Car 0.0009894371 0 2.192638 0 198 322 360 1.484442 1.564952 4.090225 -5.545969 1.697435 9.250194 1.652549
Car 0 0 -1.96231 769 176 1023 320 1.462216 1.667148 3.889512 3.324624 1.335357 9.507692 -1.625922
Car 0 0 1.810302 409 181 487 234 1.561269 1.630639 3.624328 -5.646564 1.414185 24.22318 1.581285
Car 0 0 -1.792649 700 173 799 241 1.508927 1.600727 3.541442 3.123461 1.17902 18.0775 -1.621556
Car 0 1 -1.802743 686 172 757 224 1.531034 1.504644 3.336817 3.213984 1.071093 23.51229 -1.666891
Car 0 1 1.75178 455 182 509 222 1.456842 1.426118 3.51561 -5.524792 1.311571 29.31553 1.565506
Car 0 2 -1.70261 685 175 735 213 1.393046 1.452511 3.435073 3.528548 0.9524793 29.03398 -1.581671
Car 0 1 -3.319345 756 169 803 190 1.382211 1.434529 3.400866 11.7464 0.1468034 53.77978 -3.104306
Car 0 3 -3.321848 708 137 817 187 4.200121 3.014801 9.963866 13.0134 -0.1551168 66.85623 -3.129605
Car 0 3 1.096049 431 179 473 199 1.615665 1.839667 4.097933 -14.64483 1.033705 62.93287 0.8674122
Car 0 3 -2.505004 134 193 199 214 1.38182 1.727404 3.973109 -34.29747 1.980553 54.82263 -3.06404
Car 0 1 -2.860499 438 174 504 202 1.945312 1.892187 4.609375 -11.1102 1.062032 54.04007 -3.063266
