Car 0 0 1.999306 181 195 372 304 1.561269 1.630639 3.624328 -5.859072 1.760179 12.87843 1.572341
Car 0.006653845 0 -2.040869 791 179 1163 374 1.508927 1.600727 3.541442 2.964361 1.446119 6.813253 -1.630485
Car 0 1 -1.916476 727 177 887 284 1.531034 1.504644 3.336817 3.006269 1.382868 12.24934 -1.67581
Car 0 1 1.867868 329 195 434 264 1.456842 1.426118 3.51561 -5.782859 1.699307 17.97235 1.556566
Car 0 1 -1.772624 712 183 803 248 1.393046 1.452511 3.435073 3.271401 1.308932 17.7744 -1.59061
Car 0 1 -3.372098 782 174 844 200 1.382211 1.434529 3.400866 11.26651 0.6817105 42.59822 -3.113535
Car 0 3 -3.358217 717 135 850 196 4.200121 3.014801 9.963866 12.41637 0.4839272 55.68748 -3.138841
Car 0 3 -0.3608975 884 168 975 203 1.462113 1.758562 3.665867 14.34458 0.6478114 33.78735 0.04059587
Car 0 2 2.763295 860 166 949 196 1.575508 1.789188 4.699617 16.53163 0.4557354 42.39188 3.135127
Car 0 3 1.014242 422 187 470 210 1.516165 1.552475 3.912388 -12.55865 1.607466 52.09771 0.7776953
Car 0 2 1.145461 382 188 432 212 1.615665 1.839667 4.097933 -15.2019 1.728744 51.50829 0.8584737
Car 0 1 -2.807164 380 181 465 217 1.945312 1.892187 4.609375 -11.58838 1.672192 42.64737 -3.072483
