Car 0.9917303 1 2.392624 0 225 52 374 1.456842 1.426118 3.51561 -6.126135 1.84318 5.262838 1.531569
Car 0.2080899 0 -2.121397 838 190 1241 374 1.393046 1.452511 3.435073 2.930249 1.452942 5.290728 -1.615606
Car 0.1530916 2 0.6628684 0 209 142 262 1.312963 1.610742 4.509785 -16.77161 2.08101 21.32636 -0.003540827
Car 0 0 -3.466167 823 171 913 208 1.382211 1.434529 3.400866 10.30244 0.7923176 30.30574 -3.138474
Car 0 3 2.868585 722 122 895 200 4.200121 3.014801 9.963866 11.1248 0.5769647 43.41938 3.119406
Car 0 2 -0.5467885 1002 161 1159 217 1.462113 1.758562 3.665867 13.59976 0.7701906 21.57453 0.01565726
Car 0 1 2.634555 931 160 1061 203 1.575508 1.789188 4.699617 15.57108 0.5665447 30.23076 3.110189
Car 0 2 1.090075 335 189 398 219 1.516165 1.552475 3.912388 -13.75271 1.705671 39.20803 0.7527211
Car 0.8918853 3 3.008719 0 202 14 235 1.739288 1.579136 3.899857 -34.26658 2.607055 37.8736 2.27328
Car 0 0 -2.698743 249 181 377 234 1.945312 1.892187 4.609375 -12.54655 1.783057 29.78499 -3.097423
Car 0 1 -2.523548 65 204 182 242 1.337052 1.655838 3.804953 -20.26288 2.11666 29.68055 -3.122568
