Car 0.8764339 0 2.361472 0 225 115 374 1.427379 1.478135 3.709917 -6.072807 1.849349 5.882787 1.560182
Car 0 0 2.03613 115 206 346 321 1.400546 1.647438 4.024915 -6.061663 1.790099 11.87362 1.564106
Car 0.588195 0 2.396751 1121 150 1241 283 1.719717 1.682953 2.781201 8.988225 1.173338 10.19139 3.119499
Car 0.006019533 1 2.517411 997 154 1241 264 1.674444 1.672834 3.425593 8.609882 1.166562 12.50451 3.120405
Car 0 2 2.64095 907 164 1115 248 1.56902 1.615801 3.690002 8.179776 1.156586 15.36563 3.130135
Car 0 0 1.907531 339 195 454 259 1.426384 1.614783 4.125178 -5.839403 1.706394 19.45136 1.615885
Car 0 0 -1.812801 726 181 867 275 1.471051 1.596091 3.865517 3.153828 1.385172 13.62236 -1.585291
Car 0 1 -1.732574 700 177 788 244 1.571396 1.572021 4.042688 3.162578 1.330172 19.19023 -1.56924
Car 0 1 1.806048 418 190 488 238 1.481957 1.499868 3.577903 -5.757225 1.645447 25.3104 1.582389
Car 0 1 1.406686 677 181 734 220 1.455476 1.614714 3.60968 3.339618 1.226819 28.96436 1.52148
Car 0 0 1.81929 473 187 528 222 1.484442 1.564952 4.090225 -5.645932 1.550351 34.52497 1.657193
Car 0 1 -1.713809 665 180 713 214 1.462216 1.667148 3.889512 3.225134 1.174924 34.74426 -1.621249
Car 0 1 1.700128 521 184 553 209 1.561269 1.630639 3.624328 -5.676687 1.404708 49.50023 1.585946
Car 0 1 -1.687501 655 180 690 206 1.508927 1.600727 3.541442 3.063953 1.0976 43.31599 -1.616884
Car 0 2 -1.727344 653 179 684 203 1.531034 1.504644 3.336817 3.179817 1.039396 48.75106 -1.662211
Car 0 1 1.671143 534 185 559 206 1.456842 1.426118 3.51561 -5.531178 1.348618 54.59269 1.57017
Car 0 3 -1.641775 656 181 680 201 1.393046 1.452511 3.435073 3.520107 0.9709055 54.27206 -1.577006
Car 0 3 1.034805 487 184 517 198 1.615665 1.839667 4.097933 -14.49368 1.395461 88.25349 0.8720303
Car 0 2 -2.921168 498 180 542 200 1.945312 1.892187 4.609375 -11.00082 1.335905 79.34435 -3.058936
