Car 0.5820609 0 2.275452 0 221 179 374 1.427379 1.478135 3.709917 -6.070173 1.856933 6.984611 1.559985
Car 0 0 2.000852 165 205 367 308 1.400546 1.647438 4.024915 -6.060214 1.801048 12.97547 1.563909
Car 0.8841982 1 -3.940639 1156 156 1241 297 1.639204 1.585631 3.989951 8.960165 1.172875 8.695704 -3.140263
Car 0.2198812 0 2.447182 1075 150 1241 271 1.719717 1.682953 2.781201 8.988458 1.147551 11.29624 3.119298
Car 0 1 2.556134 968 155 1202 256 1.674444 1.672834 3.425593 8.609697 1.142984 13.6093 3.120204
Car 0 2 2.669016 888 165 1081 243 1.56902 1.615801 3.690002 8.17907 1.135652 16.47034 3.129935
Car 0 0 1.892502 356 195 462 256 1.426384 1.614783 4.125178 -5.839475 1.721106 20.5533 1.615683
Car 0 0 -1.796476 719 181 846 267 1.471051 1.596091 3.865517 3.153984 1.375201 14.72607 -1.585487
Car 0 1 -1.723987 696 177 778 241 1.571396 1.572021 4.042688 3.161632 1.323333 20.29396 -1.569438
Car 0 1 1.796852 427 191 493 237 1.481957 1.499868 3.577903 -5.758464 1.663282 26.41239 1.58219
Car 0 1 1.410769 675 181 730 219 1.455476 1.614714 3.60968 3.336726 1.225094 30.06819 1.521288
Car 0 0 1.814236 477 188 531 222 1.484442 1.564952 4.090225 -5.649001 1.57314 35.62703 1.656986
Car 0 1 -1.711055 663 181 710 213 1.462216 1.667148 3.889512 3.221107 1.176745 35.84809 -1.621441
Car 0 1 1.69758 523 184 554 209 1.561269 1.630639 3.624328 -5.682709 1.436051 50.60236 1.585747
Car 0 1 -1.685816 654 180 688 206 1.508927 1.600727 3.541442 3.058253 1.104658 44.41984 -1.617076
Car 0 2 -1.725958 652 179 682 203 1.531034 1.504644 3.336817 3.17303 1.049257 49.85496 -1.662399
Car 0 1 1.669085 536 185 560 206 1.456842 1.426118 3.51561 -5.538216 1.382499 55.69488 1.569973
Car 0 3 -1.640542 655 181 679 200 1.393046 1.452511 3.435073 3.512197 0.9830837 55.37606 -1.577202
Car 0 3 1.032829 488 185 518 199 1.615665 1.839667 4.097933 -14.50645 1.469715 89.35408 0.8718854
Car 0 2 -2.923082 500 181 543 200 1.945312 1.892187 4.609375 -11.01219 1.396809 80.44559 -3.059127
