Car 0.01535988 0 2.129597 0 210 290 359 1.400546 1.647438 4.024915 -6.06963 1.794236 9.564672 1.564133
Car 0.4452728 1 2.419401 1076 158 1241 289 1.674444 1.672834 3.425593 8.604856 1.245473 10.19658 3.120341
Car 0 1 2.570717 954 165 1208 264 1.56902 1.615801 3.690002 8.174747 1.236959 13.0577 3.130069
Car 0 0 1.944636 296 197 434 271 1.426384 1.614783 4.125178 -5.847112 1.721266 17.14252 1.615922
Car 0 0 -1.856618 745 184 926 300 1.471051 1.596091 3.865517 3.147745 1.437993 11.31407 -1.585265
Car 0 1 -1.754061 709 179 813 256 1.571396 1.572021 4.042688 3.156656 1.390101 16.882 -1.569212
Car 0 1 1.827985 396 192 475 245 1.481957 1.499868 3.577903 -5.764752 1.668168 23.00163 1.582419
Car 0 1 1.397071 682 182 744 226 1.455476 1.614714 3.60968 3.334009 1.300042 26.65626 1.521499
Car 0 0 1.830943 461 188 521 226 1.484442 1.564952 4.090225 -5.653173 1.585324 32.21631 1.657236
Car 0 1 -1.720168 668 182 720 217 1.462216 1.667148 3.889512 3.219664 1.254903 32.43621 -1.62123
Car 0 1 1.705835 516 185 550 210 1.561269 1.630639 3.624328 -5.683509 1.458526 47.19174 1.585978
Car 0 1 -1.691314 657 181 694 209 1.508927 1.600727 3.541442 3.0587 1.187642 41.00803 -1.616864
Car 0 2 -1.730452 654 180 687 205 1.531034 1.504644 3.336817 3.174736 1.136918 46.44317 -1.6622
Car 0 1 1.675722 530 186 556 207 1.456842 1.426118 3.51561 -5.537824 1.409631 52.28427 1.570198
Car 0 3 -1.644523 658 182 683 203 1.393046 1.452511 3.435073 3.515255 1.077148 51.96426 -1.576978
Car 0 3 -3.253392 717 178 749 192 1.382211 1.434529 3.400866 11.8502 0.557412 76.67854 -3.100062
Car 0 3 1.039078 483 185 514 199 1.615665 1.839667 4.097933 -14.50116 1.453994 85.94485 0.8719263
Car 0 2 0.7354308 82 200 130 217 1.581004 1.67633 3.758134 -50.2071 2.905472 70.80075 0.118602
Car 0 2 -2.917087 494 181 539 201 1.945312 1.892187 4.609375 -11.00785 1.400746 77.03584 -3.059019
