Car 0.7343543 0 -2.303768 935 173 1241 374 1.571396 1.572021 4.042688 3.245055 1.493799 3.616436 -1.572443
Car 0 0 2.109914 30 199 308 344 1.481957 1.499868 3.577903 -5.697594 1.691318 9.708136 1.579191
Car 0 0 1.270242 738 180 888 273 1.455476 1.614714 3.60968 3.390854 1.345612 13.39051 1.518256
Car 0 0 1.942525 339 188 459 255 1.484442 1.564952 4.090225 -5.615773 1.553402 18.92247 1.654027
Car 0 1 -1.792811 699 179 797 242 1.462216 1.667148 3.889512 3.257816 1.265028 19.16967 -1.624473
Car 0 0 1.749192 472 181 523 218 1.561269 1.630639 3.624328 -5.694503 1.336068 33.89669 1.58275
Car 0 1 -1.730295 673 177 731 220 1.508927 1.600727 3.541442 3.069124 1.145243 27.74036 -1.620106
Car 0 2 -1.760645 667 176 715 212 1.531034 1.504644 3.336817 3.167621 1.062281 33.17545 -1.665452
Car 0 1 1.708747 498 183 535 212 1.456842 1.426118 3.51561 -5.565246 1.257148 38.98928 1.566967
Car 0 3 -1.670164 669 179 704 206 1.393046 1.452511 3.435073 3.490351 0.9708512 38.69717 -1.580211
Car 0 2 -3.286255 735 174 775 191 1.382211 1.434529 3.400866 11.74681 0.3426901 63.43527 -3.103151
Car 0 3 -3.297171 698 146 792 189 4.200121 3.014801 9.963866 13.03332 0.1094183 76.51122 -3.128445
Car 0 3 1.067556 457 181 493 197 1.615665 1.839667 4.097933 -14.63882 1.054527 72.61974 0.8686402
Car 0 3 -2.510055 146 191 200 210 1.496754 1.620751 4.107733 -40.0677 1.983266 64.94049 -3.062874
Car 0 2 -2.88941 466 176 521 200 1.945312 1.892187 4.609375 -11.11615 1.072128 63.72215 -3.062119
Car 0 1 -2.768206 498 180 554 200 1.5 1.70867 4.351549 -7.696039 1.034181 58.83188 -2.898281
