Car 0.9573044 1 -2.60629 976 179 1241 374 1.531034 1.504644 3.336817 2.813873 1.50182 2.1889 -1.696611
Car 0.358444 0 2.203352 0 213 204 374 1.456842 1.426118 3.51561 -6.09229 1.81782 7.728036 1.535764
Car 0 0 -1.978073 784 187 1068 363 1.393046 1.452511 3.435073 2.964024 1.42508 7.71824 -1.611411
Car 0 3 0.6109254 27 207 193 255 1.312963 1.610742 4.509785 -16.67018 2.072111 23.8359 0.0006205905
Car 0 0 -3.443353 812 172 894 206 1.382211 1.434529 3.400866 10.44098 0.7834109 32.70264 -3.134312
Car 0 3 2.881362 720 126 883 200 4.200121 3.014801 9.963866 11.31832 0.5788437 45.81289 3.123568
Car 0 2 -0.4996891 969 163 1106 213 1.462113 1.758562 3.665867 13.70161 0.7530305 23.95769 0.01981905
Car 0 1 2.665374 912 162 1031 202 1.575508 1.789188 4.699617 15.70919 0.5561057 32.60574 3.11435
Car 0 2 1.071623 355 189 414 217 1.516165 1.552475 3.912388 -13.57634 1.710951 41.70505 0.7569093
Car 0 0 -2.726207 281 181 398 230 1.945312 1.892187 4.609375 -12.40973 1.780085 32.27697 -3.09326
Car 0 1 -2.559842 113 202 219 237 1.337052 1.655838 3.804953 -20.12634 2.115752 32.20464 -3.118406
