Car 0.9312583 0 2.41912 0 232 102 374 1.420148 1.552787 3.85067 -6.098386 1.912071 5.559424 1.587523
Car 0 0 2.084921 45 211 304 347 1.427379 1.478135 3.709917 -6.066045 1.868175 10.43151 1.558207
Car 0 0 1.915998 273 202 414 280 1.400546 1.647438 4.024915 -6.06676 1.816244 16.42242 1.562129
Car 0.1115889 0 2.506658 1012 151 1241 263 1.639204 1.585631 3.989951 8.956887 1.094056 12.16905 3.141163
Car 0 1 2.571222 973 151 1157 246 1.719717 1.682953 2.781201 8.980539 1.070302 14.76964 3.117532
Car 0 1 2.652137 900 158 1077 238 1.674444 1.672834 3.425593 8.597769 1.069584 17.08205 3.118438
Car 0 2 2.739684 843 166 996 231 1.56902 1.615801 3.690002 8.16217 1.066782 19.94234 3.128172
Car 0 0 1.853347 396 194 483 246 1.426384 1.614783 4.125178 -5.859585 1.740041 24.00067 1.613889
Car 0 0 -1.758296 701 181 798 248 1.471051 1.596091 3.865517 3.141647 1.335655 18.18923 -1.587264
Car 0 1 -1.702603 685 177 752 231 1.571396 1.572021 4.042688 3.139375 1.287472 23.75716 -1.57122
Car 0 1 1.771903 450 191 506 231 1.481957 1.499868 3.577903 -5.789033 1.685652 29.85993 1.580405
Car 0 1 1.421512 668 181 717 215 1.455476 1.614714 3.60968 3.297005 1.194721 33.53173 1.519521
Car 0 0 1.799932 490 188 537 219 1.484442 1.564952 4.090225 -5.696018 1.60102 39.0748 1.655179
Car 0 1 -1.7037 659 180 701 210 1.462216 1.667148 3.889512 3.171128 1.150946 39.31145 -1.623207
Car 0 1 1.690063 528 185 557 208 1.561269 1.630639 3.624328 -5.756391 1.47417 54.05014 1.583962
Car 0 1 -1.68127 650 180 682 204 1.508927 1.600727 3.541442 2.993051 1.085592 47.88295 -1.618844
Car 0 2 -1.722194 649 180 677 202 1.531034 1.504644 3.336817 3.098112 1.033136 53.31829 -1.664153
Car 0 1 1.662948 540 186 563 205 1.456842 1.426118 3.51561 -5.621014 1.423154 59.14293 1.568192
Car 0 3 -1.637165 652 181 674 199 1.393046 1.452511 3.435073 3.42734 0.9686043 58.84002 -1.578982
Car 0 2 -2.621765 259 198 299 213 1.496754 1.620751 4.107733 -40.06553 2.938015 85.13699 -3.061617
Car 0 2 -2.928861 503 182 545 201 1.945312 1.892187 4.609375 -11.13748 1.487267 83.88411 -3.060862
