Car 0.4660933 0 2.253104 0 218 212 374 1.400546 1.647438 4.024915 -6.069783 1.813069 7.37181 1.56427
Car 0.9612893 1 2.298703 1190 161 1241 307 1.674444 1.672834 3.425593 8.606022 1.299828 8.002993 3.120393
Car 0.1603821 0 2.484963 1017 167 1241 285 1.56902 1.615801 3.690002 8.17627 1.295906 10.86417 3.13012
Car 0 0 1.988836 242 200 409 286 1.426384 1.614783 4.125178 -5.846204 1.755443 14.94976 1.616063
Car 0 0 -1.917532 770 187 1018 338 1.471051 1.596091 3.865517 3.148607 1.481784 9.120773 -1.585128
Car 0 1 -1.780863 721 180 846 271 1.571396 1.572021 4.042688 3.158285 1.444805 14.68879 -1.569074
Car 0 1 1.852735 370 194 461 253 1.481957 1.499868 3.577903 -5.763031 1.713998 20.80896 1.582558
Car 0 1 1.386061 687 184 756 232 1.455476 1.614714 3.60968 3.336997 1.374279 24.46318 1.521633
Car 0 0 1.843394 449 190 515 230 1.484442 1.564952 4.090225 -5.650176 1.64944 30.02377 1.657379
Car 0 1 -1.727279 671 184 727 222 1.462216 1.667148 3.889512 3.223438 1.34018 30.24323 -1.621096
Car 0 0 1.711642 510 186 546 213 1.561269 1.630639 3.624328 -5.67845 1.551865 44.99942 1.586116
Car 0 1 -1.695495 659 182 698 212 1.508927 1.600727 3.541442 3.063638 1.28931 38.81518 -1.61673
Car 0 2 -1.73382 656 182 691 208 1.531034 1.504644 3.336817 3.180437 1.24949 44.2504 -1.66207
Car 0 1 1.680328 526 187 554 210 1.456842 1.426118 3.51561 -5.532054 1.513272 50.09202 1.570336
Car 0 3 -1.647482 659 184 685 205 1.393046 1.452511 3.435073 3.52174 1.201315 49.77155 -1.576841
Car 0 2 -3.257925 720 180 753 194 1.382211 1.434529 3.400866 11.86078 0.7493969 74.48578 -3.100015
Car 0 3 1.043323 479 186 511 201 1.615665 1.839667 4.097933 -14.49151 1.602537 83.75356 0.8719937
Car 0 1 0.7503294 65 200 115 219 1.581004 1.67633 3.758134 -50.20252 2.940967 68.61101 0.118645
Car 0 3 0.7549512 12 202 67 220 1.611007 1.743869 4.063929 -55.42786 3.118586 69.16454 0.07936251
Car 0 2 -2.913058 491 182 537 202 1.945312 1.892187 4.609375 -10.99913 1.540023 74.84423 -3.058974
Car 0 0 -2.211059 572 184 613 201 1.5 1.70867 4.351549 -2.68449 1.294137 68.3804 -2.250297
