Car 0.7155709 0 2.37641 0 213 177 374 1.426384 1.614783 4.125178 -5.798456 1.737279 6.062251 1.61325
Car 0.159004 0 -2.075334 842 177 1241 374 1.571396 1.572021 4.042688 3.208555 1.48602 5.825571 -1.571899
Car 0 0 2.027909 156 195 358 307 1.481957 1.499868 3.577903 -5.731818 1.660778 11.9213 1.579736
Car 0 0 1.306669 722 182 844 260 1.455476 1.614714 3.60968 3.359691 1.357271 15.59984 1.518796
Car 0 0 1.915566 371 188 473 246 1.484442 1.564952 4.090225 -5.644974 1.540972 21.13585 1.654577
Car 0 1 -1.773872 691 181 776 236 1.462216 1.667148 3.889512 3.229781 1.287334 21.37921 -1.623934
Car 0 0 1.740273 481 182 528 216 1.561269 1.630639 3.624328 -5.715563 1.352251 36.11049 1.583295
Car 0 1 -1.720912 669 179 722 218 1.508927 1.600727 3.541442 3.045734 1.183372 29.9502 -1.619567
Car 0 2 -1.753625 664 178 708 211 1.531034 1.504644 3.336817 3.1472 1.111286 35.38539 -1.664918
Car 0 1 1.702202 504 183 539 211 1.456842 1.426118 3.51561 -5.583522 1.283665 41.20316 1.56751
Car 0 3 -1.664364 667 180 699 206 1.393046 1.452511 3.435073 3.472971 1.031766 40.90713 -1.579668
Car 0 2 -3.279755 732 176 770 193 1.382211 1.434529 3.400866 11.74385 0.4832535 65.6423 -3.102721
Car 0 3 1.062274 461 181 497 198 1.615665 1.839667 4.097933 -14.63985 1.110959 74.83843 0.8690937
Car 0 2 -2.524507 162 191 214 208 1.496754 1.620751 4.107733 -40.07587 1.926693 67.16999 -3.062448
Car 0 2 -2.8946 472 177 524 200 1.945312 1.892187 4.609375 -11.12161 1.124977 65.93909 -3.061692
Car 0 1 -2.705153 514 181 568 200 1.5 1.70867 4.351549 -6.655816 1.064255 60.8079 -2.814176
