Car 0.2135934 0 2.196051 0 217 234 374 1.427379 1.478135 3.709917 -6.067173 1.867167 8.206921 1.559449
Car 0 0 1.966814 210 204 386 297 1.400546 1.647438 4.024915 -6.060433 1.815305 14.19782 1.563372
Car 0.6108212 0 -3.875114 1095 154 1241 285 1.639204 1.585631 3.989951 8.960413 1.144278 9.926208 -3.140808
Car 0.005849481 1 2.49641 1033 149 1241 261 1.719717 1.682953 2.781201 8.987305 1.120636 12.52678 3.11875
Car 0 1 2.594055 941 156 1151 249 1.674444 1.672834 3.425593 8.607348 1.11864 14.83964 3.119656
Car 0 2 2.696711 870 165 1047 238 1.56902 1.615801 3.690002 8.175237 1.114387 17.70047 3.129389
Car 0 0 1.877324 372 195 470 252 1.426384 1.614783 4.125178 -5.843791 1.739898 21.77582 1.61514
Car 0 0 -1.781066 712 181 826 259 1.471051 1.596091 3.865517 3.151699 1.366126 15.95345 -1.586022
Car 0 1 -1.715599 691 178 768 237 1.571396 1.572021 4.042688 3.156357 1.318002 21.52138 -1.569975
Car 0 1 1.787346 436 191 498 235 1.481957 1.499868 3.577903 -5.765936 1.685819 27.63498 1.581651
Car 0 1 1.414873 672 181 725 218 1.455476 1.614714 3.60968 3.326175 1.225904 31.29576 1.520757
Car 0 0 1.808881 482 188 533 221 1.484442 1.564952 4.090225 -5.66144 1.601613 36.84974 1.656438
Car 0 1 -1.708269 662 181 707 212 1.462216 1.667148 3.889512 3.207468 1.181768 37.07563 -1.621972
Car 0 1 1.694814 525 185 556 209 1.561269 1.630639 3.624328 -5.703189 1.474736 51.82514 1.585208
Car 0 1 -1.684107 653 180 686 206 1.508927 1.600727 3.541442 3.040028 1.115909 45.64734 -1.617607
Car 0 2 -1.724548 651 180 681 203 1.531034 1.504644 3.336817 3.15187 1.063876 51.08255 -1.662924
Car 0 1 1.666837 537 186 561 206 1.456842 1.426118 3.51561 -5.561454 1.424242 56.91777 1.569435
Car 0 3 -1.639283 654 181 677 200 1.393046 1.452511 3.435073 3.488028 1.000532 56.60387 -1.577739
Car 0 3 1.030657 489 186 519 200 1.615665 1.839667 4.097933 -14.54667 1.558069 90.57228 0.8714082
Car 0 3 -2.611314 250 197 292 212 1.496754 1.620751 4.107733 -39.97934 2.822 82.95365 -3.060416
Car 0 2 -2.925193 501 182 544 201 1.945312 1.892187 4.609375 -11.04805 1.469845 81.66563 -3.05966
