Car 0.462077 0 2.299097 0 210 227 374 1.426384 1.614783 4.125178 -5.815084 1.733237 7.113278 1.613777
Car 0.01289254 0 -2.006195 814 179 1205 374 1.571396 1.572021 4.042688 3.192088 1.491721 6.872501 -1.571371
Car 0 0 1.997188 198 195 376 296 1.481957 1.499868 3.577903 -5.745353 1.669549 12.97245 1.580263
Car 0 0 1.32083 716 183 828 256 1.455476 1.614714 3.60968 3.348384 1.384392 16.64695 1.519323
Car 0 0 1.904611 383 189 480 244 1.484442 1.564952 4.090225 -5.653646 1.569874 22.18719 1.655105
Car 0 1 -1.766079 688 182 768 235 1.462216 1.667148 3.889512 3.221519 1.326871 22.42653 -1.623407
Car 0 0 1.736447 486 184 531 216 1.561269 1.630639 3.624328 -5.716335 1.413627 37.16224 1.583823
Car 0 1 -1.716862 668 180 719 218 1.508927 1.600727 3.541442 3.041985 1.241332 30.99782 -1.61904
Car 0 2 -1.750536 663 180 705 212 1.531034 1.504644 3.336817 3.14632 1.181178 36.4331 -1.664391
Car 0 1 1.699371 507 185 541 211 1.456842 1.426118 3.51561 -5.581606 1.356261 42.25498 1.568038
Car 0 3 -1.66178 665 182 697 207 1.393046 1.452511 3.435073 3.475019 1.114032 41.95483 -1.579141
Car 0 2 -3.276808 730 178 768 194 1.382211 1.434529 3.400866 11.75921 0.6287118 66.68687 -3.102268
Car 0 3 1.059896 464 183 499 199 1.615665 1.839667 4.097933 -14.62047 1.246363 75.89523 0.8695876
Car 0 2 -2.531127 169 192 221 209 1.496754 1.620751 4.107733 -40.06134 2.01646 68.23813 -3.061993
Car 0.051938 3 0.8086143 0 196 48 216 1.581004 1.67633 3.758134 -50.30496 2.373808 60.67314 0.1163711
Car 0 2 -2.896945 474 179 526 201 1.945312 1.892187 4.609375 -11.10682 1.245041 66.99405 -3.061238
Car 0 1 -2.673181 522 182 575 201 1.5 1.70867 4.351549 -6.13368 1.165098 61.79774 -2.772111
