Car 0.1280067 0 0.9857088 860 180 1241 374 1.455476 1.614714 3.60968 3.465141 1.418676 5.890138 1.517478
Car 0 0 2.10525 122 196 371 319 1.484442 1.564952 4.090225 -5.543415 1.686594 11.41637 1.653215
Car 0 0 -1.903039 746 178 935 289 1.462216 1.667148 3.889512 3.327559 1.330566 11.66909 -1.625252
Car 0 0 1.792285 428 183 498 231 1.561269 1.630639 3.624328 -5.633986 1.447745 26.39019 1.581954
Car 0 0 -1.774421 693 175 778 236 1.508927 1.600727 3.541442 3.132129 1.199556 20.23945 -1.620886
Car 0 2 -1.791226 681 174 745 221 1.531034 1.504644 3.336817 3.226293 1.107821 25.67448 -1.66622
Car 0 1 1.7394 468 184 516 221 1.456842 1.426118 3.51561 -5.508803 1.360324 31.48275 1.566175
Car 0 2 -1.694137 681 177 727 213 1.393046 1.452511 3.435073 3.544562 1.00579 31.19628 -1.581001
Car 0 1 -3.311304 751 172 797 191 1.382211 1.434529 3.400866 11.77917 0.2784879 55.93894 -3.103764
Car 0 3 -3.316015 706 141 812 189 4.200121 3.014801 9.963866 13.05496 0.01615095 69.0154 -3.129064
Car 0 3 1.088735 438 181 478 200 1.615665 1.839667 4.097933 -14.60655 1.176846 65.10677 0.8680418
Car 0 1 -2.868143 446 176 509 203 1.945312 1.892187 4.609375 -11.07779 1.180873 56.21159 -3.062722
