Car 0.9450262 0 2.48122 0 219 102 374 1.426384 1.614783 4.125178 -5.79228 1.756789 4.903775 1.612944
Car 0.4657536 0 -2.175103 881 173 1241 374 1.571396 1.572021 4.042688 3.214036 1.480219 4.668833 -1.572203
Car 0 0 2.068473 96 196 333 323 1.481957 1.499868 3.577903 -5.72743 1.665925 10.76264 1.579431
Car 0 0 1.289775 729 180 864 265 1.455476 1.614714 3.60968 3.362187 1.327394 14.4428 1.518494
Car 0 0 1.929592 354 187 466 250 1.484442 1.564952 4.090225 -5.643394 1.523582 19.97689 1.65427
Car 0 1 -1.78265 694 179 786 238 1.462216 1.667148 3.889512 3.230531 1.243851 20.22195 -1.624235
Car 0 0 1.745169 476 181 525 216 1.561269 1.630639 3.624328 -5.718533 1.298844 34.95102 1.58299
Car 0 1 -1.725194 671 177 727 218 1.508927 1.600727 3.541442 3.043892 1.119686 28.79262 -1.619868
Car 0 2 -1.756806 665 176 711 210 1.531034 1.504644 3.336817 3.143696 1.034163 34.22765 -1.665216
Car 0 1 1.70586 501 182 537 210 1.456842 1.426118 3.51561 -5.588051 1.21756 40.04355 1.567207
Car 0 3 -1.666992 668 178 702 205 1.393046 1.452511 3.435073 3.467764 0.9403502 39.74927 -1.579972
Car 0 2 -3.282853 733 174 772 191 1.382211 1.434529 3.400866 11.73042 0.3082405 64.48519 -3.102912
Car 0 3 -3.294524 696 147 790 189 4.200121 3.014801 9.963866 13.0201 0.06984198 77.56075 -3.128205
Car 0 3 1.065195 459 180 495 197 1.615665 1.839667 4.097933 -14.65384 0.9895237 73.67594 0.8688617
Car 0 2 -2.516846 153 190 207 208 1.496754 1.620751 4.107733 -40.08535 1.896904 66.00288 -3.062636
Car 0 2 -2.891676 469 176 523 199 1.945312 1.892187 4.609375 -11.13319 1.014957 64.77757 -3.061881
Car 0 1 -2.736785 506 180 561 199 1.5 1.70867 4.351549 -7.179105 0.9671816 59.81779 -2.85623
