Car 0.02360457 0 2.149937 0 203 274 369 1.561269 1.630639 3.624328 -5.962488 1.815448 8.998549 1.564752
Car 0.8045607 1 -2.407593 922 185 1241 374 1.508927 1.600727 3.541442 2.907979 1.510941 3.001878 -1.638082
Car 0 0 -2.015353 760 180 1023 347 1.531034 1.504644 3.336817 2.908631 1.466485 8.438313 -1.683413
Car 0 0 1.946954 231 201 381 292 1.456842 1.426118 3.51561 -5.92493 1.772315 14.09308 1.548974
Car 0 1 -1.818809 727 187 851 272 1.393046 1.452511 3.435073 3.131858 1.412417 13.96545 -1.598202
Car 0 1 -3.395769 791 177 859 205 1.382211 1.434529 3.400866 10.93946 0.8978752 38.85147 -3.121304
Car 0 3 2.909749 718 136 861 200 4.200121 3.014801 9.963866 11.9901 0.7489566 51.94972 3.136578
Car 0 3 -0.4052933 909 170 1014 209 1.462113 1.758562 3.665867 14.08475 0.844339 30.06448 0.03282578
Car 0 2 2.730644 876 169 975 202 1.575508 1.789188 4.699617 16.20674 0.68931 38.68603 3.127362
Car 0 2 1.032815 400 190 452 214 1.516165 1.552475 3.912388 -12.9605 1.774238 48.16595 0.7699609
Car 0 3 1.16772 356 190 410 216 1.615665 1.839667 4.097933 -15.59958 1.884398 47.556 0.850754
Car 0 0 -2.781672 349 183 443 223 1.945312 1.892187 4.609375 -11.91839 1.80988 38.72312 -3.080256
