Car 0.240261 0 2.2052 0 204 236 374 1.561269 1.630639 3.624328 -5.984029 1.809368 7.995895 1.562732
Car 0.9709917 2 -2.603054 1002 187 1241 374 1.508927 1.600727 3.541442 2.898187 1.51142 2.016309 -1.640101
Car 0 0 -2.055112 773 178 1086 373 1.531034 1.504644 3.336817 2.887856 1.453149 7.452602 -1.685431
Car 0 0 1.974 194 200 363 301 1.456842 1.426118 3.51561 -5.956763 1.753254 13.09036 1.546955
Car 0 1 -1.834652 733 185 869 278 1.393046 1.452511 3.435073 3.099908 1.384818 12.98002 -1.600221
Car 0 1 -3.40234 794 175 864 204 1.382211 1.434529 3.400866 10.85691 0.799401 37.88029 -3.123212
Car 0 3 -0.4180548 917 168 1026 208 1.462113 1.758562 3.665867 14.01982 0.765115 29.09953 0.03091791
Car 0 2 2.721536 881 166 982 200 1.575508 1.789188 4.699617 16.12431 0.5861024 37.7249 3.125453
Car 0 2 1.038243 394 188 446 213 1.516165 1.552475 3.912388 -13.06087 1.675481 47.14892 0.768006
Car 0 3 1.174159 349 189 404 216 1.615665 1.839667 4.097933 -15.69862 1.789774 46.53395 0.8487901
Car 0 0 -2.774072 340 181 437 223 1.945312 1.892187 4.609375 -11.99973 1.734098 37.70832 -3.082164
