Car 0.1871544 0 2.232977 0 208 269 374 1.426384 1.614783 4.125178 -5.815526 1.735162 8.169548 1.614339
Car 0.9658944 1 -2.521716 1022 199 1241 374 1.471051 1.596091 3.865517 3.191414 1.541701 2.356101 -1.586867
Car 0 0 -1.953688 794 180 1103 371 1.571396 1.572021 4.042688 3.191434 1.490711 7.924011 -1.570809
Car 0 0 1.969356 235 195 393 287 1.481957 1.499868 3.577903 -5.742499 1.679505 14.02876 1.580826
Car 0 0 1.332642 711 184 814 252 1.455476 1.614714 3.60968 3.35323 1.396768 17.6985 1.519886
Car 0 0 1.89394 395 189 486 242 1.484442 1.564952 4.090225 -5.645606 1.592464 23.24357 1.655666
Car 0 1 -1.759544 685 183 761 233 1.462216 1.667148 3.889512 3.229618 1.347224 23.47823 -1.622844
Car 0 0 1.732432 490 184 533 216 1.561269 1.630639 3.624328 -5.699871 1.456812 38.21885 1.584385
Car 0 1 -1.713506 666 181 715 218 1.508927 1.600727 3.541442 3.054911 1.273514 32.04973 -1.618476
Car 0 2 -1.747989 662 181 703 212 1.531034 1.504644 3.336817 3.162304 1.220798 37.48502 -1.663827
Car 0 1 1.696326 511 186 543 212 1.456842 1.426118 3.51561 -5.562272 1.406405 43.31159 1.568601
Car 0 3 -1.659645 665 183 696 207 1.393046 1.452511 3.435073 3.494109 1.161145 43.00665 -1.578578
Car 0 2 -3.274104 729 179 766 195 1.382211 1.434529 3.400866 11.79215 0.7074115 67.73463 -3.101738
Car 0 3 1.057411 466 184 501 200 1.615665 1.839667 4.097933 -14.58213 1.345343 76.95704 0.8701466
Car 0 2 0.8001943 2 196 59 216 1.581004 1.67633 3.758134 -50.27489 2.462191 61.75361 0.1169022
Car 0 2 -2.899405 477 180 528 202 1.945312 1.892187 4.609375 -11.07352 1.330775 68.0539 -3.060708
Car 0 0 -2.640873 530 183 582 201 1.5 1.70867 4.351549 -5.613376 1.229459 62.78658 -2.73004
