Car 0.8799236 0 2.383105 0 212 125 374 1.481957 1.499868 3.577903 -5.641396 1.758646 5.423833 1.578048
Car 0 0 1.156085 787 179 1045 327 1.455476 1.614714 3.60968 3.441693 1.368992 9.115034 1.517119
Car 0 0 2.016487 247 190 419 281 1.484442 1.564952 4.090225 -5.570107 1.595281 14.63784 1.652879
Car 0 1 -1.843789 721 177 857 261 1.462216 1.667148 3.889512 3.302072 1.273134 14.89381 -1.62561
Car 0 0 1.770665 450 181 510 223 1.561269 1.630639 3.624328 -5.665926 1.337381 29.61131 1.581607
Car 0 1 -1.752752 683 175 754 226 1.508927 1.600727 3.541442 3.103617 1.130666 23.46393 -1.621244
Car 0 2 -1.776726 674 174 730 215 1.531034 1.504644 3.336817 3.195893 1.032506 28.89887 -1.666585
Car 0 1 1.724196 482 182 525 215 1.456842 1.426118 3.51561 -5.542503 1.244083 34.70381 1.565825
Car 0 2 -1.68304 675 177 716 208 1.393046 1.452511 3.435073 3.51228 0.924806 34.42068 -1.581352
Car 0 2 -3.300009 743 172 786 190 1.382211 1.434529 3.400866 11.73944 0.1983458 59.16584 -3.104138
Car 0 3 -3.307623 702 142 802 188 4.200121 3.014801 9.963866 13.01085 -0.07540464 72.24249 -3.129433
Car 0 3 1.078871 446 179 485 197 1.615665 1.839667 4.097933 -14.65333 0.9835395 68.32379 0.8676028
Car 0 1 -2.878116 455 175 514 200 1.945312 1.892187 4.609375 -11.12094 1.012279 59.43009 -3.063103
