Car 0.006613493 0 1.054504 831 180 1223 374 1.455476 1.614714 3.60968 3.460469 1.407513 6.92843 1.517719
Car 0 0 2.072391 171 194 389 306 1.484442 1.564952 4.090225 -5.54687 1.675898 12.45662 1.653457
Car 0 0 -1.880877 737 178 905 279 1.462216 1.667148 3.889512 3.324282 1.322948 12.70747 -1.62501
Car 0 0 1.784764 436 183 502 229 1.561269 1.630639 3.624328 -5.633825 1.44632 27.43061 1.582196
Car 0 0 -1.76674 690 176 770 233 1.508927 1.600727 3.541442 3.130922 1.197197 21.27796 -1.620644
Car 0 2 -1.786176 679 175 740 220 1.531034 1.504644 3.336817 3.226399 1.108869 26.71302 -1.665978
Car 0 1 1.734164 473 184 520 220 1.456842 1.426118 3.51561 -5.507407 1.362104 32.52319 1.566417
Car 0 2 -1.690325 679 178 723 212 1.393046 1.452511 3.435073 3.546009 1.010373 32.23481 -1.58076
Car 0 1 -3.307546 749 172 793 191 1.382211 1.434529 3.400866 11.7867 0.3011522 56.97596 -3.103552
Car 0 3 -3.313246 704 142 809 189 4.200121 3.014801 9.963866 13.06568 0.04735827 70.05228 -3.128852
Car 0 3 1.085458 441 182 481 200 1.615665 1.839667 4.097933 -14.59715 1.196516 66.14949 0.8682697
Car 0 1 -2.871509 449 176 511 203 1.945312 1.892187 4.609375 -11.07049 1.19618 57.25346 -3.062511
