Car 0.1747509 0 2.186335 0 213 255 374 1.400546 1.647438 4.024915 -6.071221 1.800541 8.466889 1.564255
Car 0.7481678 1 2.362883 1127 160 1241 305 1.674444 1.672834 3.425593 8.604317 1.279364 9.097729 3.120415
Car 0.007080853 1 2.530542 983 166 1241 274 1.56902 1.615801 3.690002 8.174529 1.272806 11.9589 3.130143
Car 0 0 1.96555 271 198 422 278 1.426384 1.614783 4.125178 -5.84776 1.735254 16.04478 1.616047
Car 0 0 -1.883974 756 185 966 317 1.471051 1.596091 3.865517 3.146982 1.462923 10.21563 -1.585143
Car 0 1 -1.766476 715 180 828 263 1.571396 1.572021 4.042688 3.156574 1.420393 15.7836 -1.569089
Car 0 1 1.839887 384 193 468 248 1.481957 1.499868 3.577903 -5.764677 1.68793 21.90393 1.582542
Car 0 1 1.391859 684 183 750 228 1.455476 1.614714 3.60968 3.335135 1.340041 25.55792 1.521619
Car 0 0 1.837031 456 189 518 228 1.484442 1.564952 4.090225 -5.651964 1.614136 31.11868 1.657364
Car 0 1 -1.723549 670 183 723 220 1.462216 1.667148 3.889512 3.221492 1.30024 31.33792 -1.621111
Car 0 1 1.708719 513 185 548 212 1.561269 1.630639 3.624328 -5.680465 1.501657 46.09422 1.586101
Car 0 1 -1.693306 658 182 696 211 1.508927 1.600727 3.541442 3.061564 1.240911 39.90982 -1.616744
Car 0 2 -1.73206 655 181 689 207 1.531034 1.504644 3.336817 3.178278 1.195618 45.34499 -1.662084
Car 0 1 1.678019 528 186 555 208 1.456842 1.426118 3.51561 -5.534145 1.457918 51.18678 1.570321
Car 0 3 -1.645937 658 183 684 204 1.393046 1.452511 3.435073 3.519493 1.141773 50.86611 -1.576856
Car 0 2 -3.255616 718 179 751 194 1.382211 1.434529 3.400866 11.85802 0.6610838 75.57997 -3.099991
Car 0 3 1.041188 481 185 513 200 1.615665 1.839667 4.097933 -14.49395 1.51811 84.84828 0.8719995
Car 0 1 0.7428367 74 200 123 218 1.581004 1.67633 3.758134 -50.20412 2.889402 69.70667 0.1186689
Car 0 3 0.7473309 22 201 75 219 1.611007 1.743869 4.063929 -55.42937 3.069071 70.26031 0.07938615
Car 0 2 -2.915078 493 182 538 201 1.945312 1.892187 4.609375 -11.0015 1.462733 75.93894 -3.05895
Car 0 0 -2.1761 577 183 617 200 1.5 1.70867 4.351549 -2.308498 1.207811 69.21371 -2.209441
