Car 0.01567513 0 2.135709 0 214 273 369 1.427379 1.478135 3.709917 -6.064219 1.87027 9.319515 1.558841
Car 0 0 1.939716 244 203 401 288 1.400546 1.647438 4.024915 -6.061126 1.819848 15.31043 1.562764
Car 0.3484344 0 -3.822891 1050 153 1241 273 1.639204 1.585631 3.989951 8.961045 1.121274 11.0479 -3.141413
Car 0 1 2.535876 1001 150 1205 253 1.719717 1.682953 2.781201 8.986353 1.098215 13.64849 3.118143
Car 0 1 2.624595 919 157 1111 243 1.674444 1.672834 3.425593 8.60502 1.09745 15.96113 3.119049
Car 0 2 2.719198 856 166 1020 234 1.56902 1.615801 3.690002 8.171203 1.094653 18.8217 3.128782
Car 0 0 1.86472 385 195 477 249 1.426384 1.614783 4.125178 -5.849117 1.745895 22.88858 1.614528
Car 0 0 -1.769046 706 181 811 254 1.471051 1.596091 3.865517 3.149154 1.354835 17.07164 -1.586629
Car 0 1 -1.708852 688 178 760 234 1.571396 1.572021 4.042688 3.150421 1.308051 22.63958 -1.570584
Car 0 1 1.779282 443 191 502 233 1.481957 1.499868 3.577903 -5.774837 1.693098 28.7478 1.581041
Car 0 1 1.418259 670 181 721 216 1.455476 1.614714 3.60968 3.314276 1.218022 32.41408 1.520153
Car 0 0 1.804236 486 188 535 220 1.484442 1.564952 4.090225 -5.675958 1.61094 37.96263 1.655821
Car 0 1 -1.705958 660 181 704 211 1.462216 1.667148 3.889512 3.19206 1.175497 38.19389 -1.622576
Car 0 1 1.692359 527 185 557 208 1.561269 1.630639 3.624328 -5.726819 1.487765 52.93804 1.584598
Car 0 1 -1.682688 652 180 684 205 1.508927 1.600727 3.541442 3.019415 1.11201 46.76551 -1.618212
Car 0 2 -1.723375 650 180 679 202 1.531034 1.504644 3.336817 3.127941 1.061096 52.20081 -1.663525
Car 0 1 1.664828 539 186 562 206 1.456842 1.426118 3.51561 -5.588195 1.438254 58.03076 1.568827
Car 0 3 -1.63823 653 181 676 200 1.393046 1.452511 3.435073 3.460705 0.9984967 57.72235 -1.578347
Car 0 3 1.028694 491 186 520 200 1.615665 1.839667 4.097933 -14.59315 1.596094 91.67989 0.8708434
Car 0 2 -2.616623 255 198 296 213 1.496754 1.620751 4.107733 -40.01901 2.903069 84.04585 -3.061015
Car 0 2 -2.927082 502 182 544 201 1.945312 1.892187 4.609375 -11.08939 1.499537 82.77535 -3.060259
