Car 0.9655463 0 2.436658 0 227 79 374 1.400546 1.647438 4.024915 -6.061578 1.801784 5.089569 1.564313
Car 0.7368969 1 2.368367 1115 168 1241 315 1.56902 1.615801 3.690002 8.185654 1.306234 8.580267 3.130233
Car 0 0 2.047945 162 200 376 306 1.426384 1.614783 4.125178 -5.837652 1.725348 12.66735 1.616111
Car 0.01246721 0 -2.017711 811 187 1198 374 1.471051 1.596091 3.865517 3.157553 1.485784 6.837464 -1.585086
Car 0 0 -1.81902 738 179 896 289 1.571396 1.572021 4.042688 3.167473 1.434654 12.40536 -1.56903
Car 0 0 1.883751 337 193 443 260 1.481957 1.499868 3.577903 -5.754218 1.669168 18.52641 1.582602
Car 0 1 1.371914 693 183 772 235 1.455476 1.614714 3.60968 3.346622 1.339633 22.17955 1.521672
Car 0 0 1.858039 434 188 507 232 1.484442 1.564952 4.090225 -5.640957 1.581398 27.74103 1.657431
Car 0 1 -1.736189 675 182 737 224 1.462216 1.667148 3.889512 3.233309 1.290578 27.95948 -1.621057
Car 0 0 1.718093 505 184 543 213 1.561269 1.630639 3.624328 -5.668584 1.445646 42.71639 1.586161
Car 0 1 -1.700636 661 181 704 213 1.508927 1.600727 3.541442 3.073868 1.217549 36.53129 -1.61669
Car 0 2 -1.737923 658 180 695 208 1.531034 1.504644 3.336817 3.19091 1.164144 41.96638 -1.662034
Car 0 1 1.68537 522 185 551 209 1.456842 1.426118 3.51561 -5.521955 1.394404 47.80887 1.570379
Car 0 3 -1.651049 661 182 689 205 1.393046 1.452511 3.435073 3.532478 1.102648 47.4874 -1.576798
Car 0 2 -3.262896 723 178 757 193 1.382211 1.434529 3.400866 11.8732 0.60568 72.2002 -3.099906
Car 0 3 1.047923 476 184 508 199 1.615665 1.839667 4.097933 -14.48059 1.378809 81.47073 0.8720202
Car 0 1 0.7665307 46 198 98 217 1.581004 1.67633 3.758134 -50.19484 2.67932 66.3325 0.1187454
Car 0.05644798 1 0.7713901 0 199 48 218 1.611007 1.743869 4.063929 -55.42053 2.844342 66.8866 0.07946683
Car 0 2 -2.908576 487 180 535 201 1.945312 1.892187 4.609375 -10.98835 1.346449 72.5612 -3.05887
Car 0 0 -2.280513 561 182 606 200 1.5 1.70867 4.351549 -3.446665 1.154395 66.70908 -2.332134
