Car 0.3560449 0 2.244121 0 221 227 374 1.420148 1.552787 3.85067 -6.1034 1.916425 7.89983 1.586313
Car 0 1 2.001109 167 207 355 313 1.427379 1.478135 3.709917 -6.076942 1.87054 12.77194 1.557004
Car 0 0 1.874529 320 200 437 267 1.400546 1.647438 4.024915 -6.08488 1.816346 18.76282 1.560926
Car 0 0 2.588321 951 151 1193 247 1.639204 1.585631 3.989951 8.940315 1.028072 14.52667 3.140018
Car 0 1 2.634354 926 153 1079 235 1.719717 1.682953 2.781201 8.960826 1.003228 17.12729 3.116381
Car 0 1 2.701828 866 159 1018 229 1.674444 1.672834 3.425593 8.575356 1.00336 19.43924 3.117287
Car 0 1 2.777156 819 165 954 224 1.56902 1.615801 3.690002 8.136415 1.001438 22.29903 3.127023
Car 0 0 1.832545 417 194 493 240 1.426384 1.614783 4.125178 -5.886892 1.736342 26.34128 1.612673
Car 0 0 -1.739172 692 180 775 239 1.471051 1.596091 3.865517 3.119202 1.293597 20.54017 -1.588465
Car 0 1 -1.690995 678 177 739 226 1.571396 1.572021 4.042688 3.110217 1.243317 26.10808 -1.572425
Car 0 1 1.758112 462 190 513 228 1.481957 1.499868 3.577903 -5.823421 1.679417 32.20059 1.579197
Car 0 1 1.427835 665 180 710 212 1.455476 1.614714 3.60968 3.256024 1.146157 35.88279 1.518328
Car 0 0 1.791709 497 188 541 217 1.484442 1.564952 4.090225 -5.741537 1.59088 41.41553 1.653954
Car 0 1 -1.699226 656 180 695 208 1.462216 1.667148 3.889512 3.123206 1.100762 41.66235 -1.624401
Car 0 1 1.685596 531 185 559 207 1.561269 1.630639 3.624328 -5.819954 1.458636 56.39074 1.582753
Car 0 1 -1.678396 648 179 678 203 1.508927 1.600727 3.541442 2.93484 1.032968 50.2336 -1.620038
Car 0 2 -1.719771 647 179 674 200 1.531034 1.504644 3.336817 3.033323 0.9779816 55.66905 -1.665336
Car 0 1 1.65928 542 186 564 204 1.456842 1.426118 3.51561 -5.690747 1.405082 61.48367 1.566986
Car 0 3 -1.634972 650 181 671 198 1.393046 1.452511 3.435073 3.35582 0.9098772 61.19113 -1.580186
Car 0 3 0.6784533 142 205 184 221 1.581004 1.67633 3.758134 -50.38231 3.697043 79.86446 0.1156599
Car 0 2 -2.932402 506 182 546 200 1.945312 1.892187 4.609375 -11.23573 1.484691 86.21844 -3.061989
