Car 0 0 1.972418 218 194 389 294 1.561269 1.630639 3.624328 -5.826862 1.744752 13.85251 1.57425
Car 0 0 -1.995283 775 177 1081 363 1.508927 1.600727 3.541442 2.984331 1.422245 7.770014 -1.628573
Car 0 1 -1.899909 721 176 867 274 1.531034 1.504644 3.336817 3.036609 1.353354 13.20594 -1.673895
Car 0 1 1.852693 347 194 444 259 1.456842 1.426118 3.51561 -5.740935 1.678534 18.94621 1.558475
Car 0 1 -1.76373 709 181 794 243 1.393046 1.452511 3.435073 3.312264 1.273316 18.7304 -1.5887
Car 0 1 -3.366665 780 173 840 198 1.382211 1.434529 3.400866 11.35414 0.6073711 43.53809 -3.11156
Car 0 3 -3.354621 717 135 848 195 4.200121 3.014801 9.963866 12.52889 0.3942645 56.62491 -3.136868
Car 0 3 -0.3509422 878 167 967 201 1.462113 1.758562 3.665867 14.41516 0.5773857 34.72128 0.04257126
Car 0 3 2.770803 856 165 943 195 1.575508 1.789188 4.699617 16.61847 0.3728582 43.32138 3.1371
Car 0 3 1.010055 427 187 475 209 1.516165 1.552475 3.912388 -12.4511 1.562984 53.08446 0.7796671
Car 0 2 1.140415 388 187 437 211 1.615665 1.839667 4.097933 -15.09527 1.689259 52.50026 0.86044
Car 0 1 -2.812824 387 180 470 216 1.945312 1.892187 4.609375 -11.49893 1.635781 43.63234 -3.070506
