Car 0.9955936 1 2.534428 0 201 66 374 1.611007 1.743869 4.063929 -4.764293 1.69283 3.16765 1.550392
Car 0 0 -1.762379 739 179 859 265 1.773543 1.77327 5.095459 4.043473 1.598065 17.24245 -1.532034
Car 0.01431662 0 2.119103 0 210 336 374 1.392182 1.549477 3.649398 -4.665393 1.688055 8.028754 1.592707
Car 0 0 1.934138 258 198 438 299 1.464744 1.62806 3.922484 -4.562086 1.683359 12.73705 1.5902
Car 0 0 1.730138 545 190 587 218 1.465943 1.662682 3.757097 -2.966119 1.647095 39.48473 1.655159
Car 0 2 -1.695452 730 192 799 240 1.40595 1.662349 3.86098 4.529039 1.58869 23.27992 -1.503305
Car 0 1 -1.726405 717 187 771 229 1.590111 1.587046 3.339513 4.867546 1.581001 28.94964 -1.559824
Car 0 2 -1.642607 711 189 753 222 1.47251 1.60254 3.698168 5.172762 1.574038 34.0996 -1.492059
Car 0 1 1.719811 563 190 599 214 1.428983 1.675727 3.763085 -2.44348 1.637666 45.14252 1.665736
Car 0 2 -1.627987 706 188 741 217 1.490678 1.638055 3.515222 5.559658 1.566087 39.5201 -1.488225
Car 0 1 1.716236 575 190 608 211 1.382725 1.677222 4.342848 -2.018549 1.629361 50.55339 1.676329
Car 0 2 -1.628916 700 188 732 213 1.499206 1.6414 4.137382 5.838343 1.55932 44.74108 -1.499157
Car 0 0 1.697727 606 188 628 205 1.453445 1.603852 3.198821 -0.3134651 1.600749 66.28973 1.692998
Car 0 3 -1.599747 699 187 726 210 1.507654 1.661433 3.500855 6.277309 1.551233 49.70563 -1.474123
Car 0 2 -1.617884 701 187 724 205 1.490741 1.678634 3.801369 7.625603 1.529755 60.69538 -1.492902
Car 0 1 1.713087 612 188 635 203 1.493747 1.634919 3.68457 0.275156 1.591503 70.92149 1.716967
Car 0 3 1.596447 565 187 581 200 1.60914 1.86729 3.690948 -5.869631 1.63528 89.41 1.530893
