Car 0 0 -1.904331 805 203 1065 346 1.38182 1.727404 3.973109 3.663678 1.611031 9.205555 -1.525562
Car 0 1 -1.779007 753 193 879 277 1.496754 1.620751 4.107733 3.879654 1.630061 14.97732 -1.525543
Car 0 0 1.812924 463 194 539 244 1.581004 1.67633 3.758134 -4.03119 1.836942 24.96052 1.652804
Car 0.3829824 0 -3.14237 1080 186 1241 266 1.488714 1.52631 4.377771 11.54362 1.465923 14.19312 -2.459557
Car 0 1 1.734432 501 192 560 234 1.611007 1.743869 4.063929 -3.669174 1.850755 30.2056 1.613551
Car 0 0 -1.605516 704 185 738 217 1.773543 1.77327 5.095459 6.007794 1.702633 43.69708 -1.468886
Car 0 1 1.748704 529 196 575 227 1.392182 1.549477 3.649398 -3.263689 1.862023 35.05076 1.655859
Car 0 1 1.725276 547 194 588 223 1.464744 1.62806 3.922484 -2.86345 1.872777 39.74314 1.653352
Car 0 0 0.4052991 206 200 326 240 1.503748 1.873824 4.231641 -14.53143 2.077683 29.91909 -0.04683573
Car 0 0 1.71201 613 191 637 208 1.465943 1.662682 3.757097 0.4171886 1.912467 66.33679 1.718299
Car 0 3 -1.577609 708 191 735 213 1.40595 1.662349 3.86098 6.873352 1.708933 49.69188 -1.440162
Car 0 1 1.710866 622 191 645 206 1.428983 1.675727 3.763085 1.295776 1.916937 71.95034 1.728874
Car 0 1 1.712813 629 192 651 205 1.382725 1.677222 4.342848 2.061285 1.9228 77.32362 1.739465
Car 0 0 1.704994 650 190 666 202 1.453445 1.603852 3.198821 4.755842 1.9299 92.92105 1.756131
Car 0 1 1.722363 654 190 671 201 1.493747 1.634919 3.68457 5.635509 1.93015 97.50646 1.780095
