Car 0 0 -1.773875 743 187 877 271 1.38182 1.727404 3.973109 3.575487 1.409441 14.34754 -1.529645
Car 0.6294739 0 -3.17664 1145 160 1241 258 1.739288 1.579136 3.899857 11.6754 1.214778 12.87997 -2.440258
Car 0 1 -1.714754 719 181 802 242 1.496754 1.620751 4.107733 3.767889 1.344685 20.1198 -1.529625
Car 0 0 1.786919 487 183 548 225 1.581004 1.67633 3.758134 -4.182707 1.447612 30.07299 1.648721
Car 0 1 -2.996777 958 173 1146 234 1.488714 1.52631 4.377771 11.43411 1.153886 19.36421 -2.46339
Car 0 1 1.717826 516 182 565 217 1.611007 1.743869 4.063929 -3.842132 1.384465 35.31914 1.609469
Car 0.1161484 1 -3.096033 1052 169 1241 246 1.549682 1.800742 3.980218 11.87274 1.177029 16.03181 -2.458592
Car 0 0 -1.590724 692 175 722 203 1.773543 1.77327 5.095459 5.778606 0.9951345 48.84599 -1.472969
Car 0 1 1.737619 538 185 577 212 1.392182 1.549477 3.649398 -3.456463 1.324288 40.16556 1.651775
Car 0 1 1.717718 552 183 589 209 1.464744 1.62806 3.922484 -3.075416 1.265814 44.85918 1.649268
Car 0 0 0.3471858 264 189 364 223 1.503748 1.873824 4.231641 -14.70188 1.669213 34.99217 -0.0505678
Car 0 0 1.712868 610 181 633 196 1.465943 1.662682 3.757097 0.09632683 0.9081528 71.46368 1.714216
Car 0 3 -1.564363 696 180 720 200 1.40595 1.662349 3.86098 6.619602 0.9112398 54.8437 -1.444245
Car 0 1 1.712443 619 181 640 195 1.428983 1.675727 3.763085 0.9519081 0.8278275 77.0802 1.724792
Car 0 1 1.714825 625 181 646 194 1.382725 1.677222 4.342848 1.695402 0.7528985 82.45605 1.735383
Car 0 0 1.707964 645 180 660 191 1.453445 1.603852 3.198821 4.325998 0.5231384 98.06271 1.75205
Car 0 2 -1.562666 707 178 722 190 1.490741 1.678634 3.801369 11.91865 0.3891213 92.00761 -1.433843
Car 0 1 1.72553 649 179 665 190 1.493747 1.634919 3.68457 5.186853 0.453322 102.6512 1.776016
Car 0 2 -1.535348 712 178 725 189 1.492202 1.606235 3.54776 13.11028 0.3028632 97.35627 -1.401491
