Car 0 0 -1.827464 760 161 938 279 1.773543 1.77327 5.095459 3.88076 1.332148 13.2507 -1.542559
Car 0.9760067 0 2.457022 0 222 119 374 1.392182 1.549477 3.649398 -4.72894 1.685893 3.950555 1.582182
Car 0 0 2.074752 27 195 357 362 1.464744 1.62806 3.922484 -4.6752 1.60203 8.658933 1.579675
Car 0 0 1.739249 527 179 575 211 1.465943 1.662682 3.757097 -3.361081 1.103109 35.41732 1.644633
Car 0 2 -1.73327 742 179 831 239 1.40595 1.662349 3.86098 4.302675 1.216738 19.29185 -1.513831
Car 0 1 -1.751852 723 173 788 222 1.590111 1.587046 3.339513 4.58144 1.110977 24.96384 -1.570349
Car 0 1 -1.661689 714 176 763 214 1.47251 1.60254 3.698168 4.832389 1.014962 30.11584 -1.502585
Car 0 1 1.725643 548 179 589 206 1.428983 1.675727 3.763085 -2.898107 0.9934497 41.07925 1.65521
Car 0 1 -1.642994 707 175 747 207 1.490678 1.638055 3.515222 5.162151 0.9124391 35.53915 -1.498751
Car 0 1 1.720171 562 179 599 202 1.382725 1.677222 4.342848 -2.530214 0.890246 46.49331 1.665803
Car 0 1 -1.641051 699 174 735 203 1.499206 1.6414 4.137382 5.38583 0.8157849 40.76189 -1.509683
Car 0 0 1.698396 597 176 621 194 1.453445 1.603852 3.198821 -0.9911423 0.5796393 62.24372 1.682473
Car 0 3 -1.610213 698 174 728 199 1.507654 1.661433 3.500855 5.772448 0.7199997 45.72987 -1.484648
Car 0 3 -1.599329 700 174 725 196 1.50907 1.610535 3.512901 6.456038 0.6091107 51.18393 -1.473857
Car 0 2 -1.626279 698 174 723 194 1.490741 1.678634 3.801369 7.004766 0.4995707 56.73104 -1.503428
Car 0 1 1.713193 604 176 628 192 1.493747 1.634919 3.68457 -0.4514065 0.4862828 66.88051 1.706443
