Car 0.985636 1 -2.55887 1097 201 1241 374 1.496754 1.620751 4.107733 3.60418 1.563842 2.279002 -1.551921
Car 0 0 1.988688 230 191 431 306 1.581004 1.67633 3.758134 -4.567353 1.672487 12.05155 1.626428
Car 0 1 1.833116 371 188 492 265 1.611007 1.743869 4.063929 -4.343797 1.637171 17.30426 1.587173
Car 0 0 -1.654136 712 177 766 222 1.773543 1.77327 5.095459 4.974122 1.367484 31.04432 -1.49526
Car 0 1 1.810972 444 193 525 244 1.392182 1.549477 3.649398 -4.066239 1.603094 22.15832 1.629483
Car 0 1 1.767151 483 189 549 233 1.464744 1.62806 3.922484 -3.789896 1.569938 26.85952 1.626976
Car 0.7111023 1 0.6642278 0 200 81 270 1.503748 1.873824 4.231641 -15.19489 1.860823 16.73347 -0.07301934
Car 0 0 1.71456 589 185 619 206 1.465943 1.662682 3.757097 -1.211762 1.361327 53.52966 1.691927
Car 0 3 -1.618651 714 185 752 214 1.40595 1.662349 3.86098 5.681277 1.317881 37.05967 -1.466535
Car 0 2 -1.667837 710 181 744 209 1.590111 1.587046 3.339513 6.227973 1.273658 42.71294 -1.523047
Car 0 2 -1.594869 710 183 737 206 1.47251 1.60254 3.698168 6.722295 1.233534 47.84806 -1.45529
Car 0 1 1.710641 601 185 628 203 1.428983 1.675727 3.763085 -0.4815254 1.313487 59.16423 1.702503
Car 0 3 -1.587846 708 183 733 204 1.490678 1.638055 3.515222 7.308178 1.189984 53.25049 -1.451457
Car 0 1 1.710895 609 185 635 202 1.382725 1.677222 4.342848 0.1420059 1.269238 64.55564 1.713095
Car 0 2 -1.594675 706 182 729 202 1.499206 1.6414 4.137382 7.778603 1.149924 58.45755 -1.462388
Car 0 0 1.69955 633 184 652 197 1.453445 1.603852 3.198821 2.424284 1.13113 80.2181 1.729762
Car 0 3 -1.569072 707 182 727 200 1.507654 1.661433 3.500855 8.399748 1.108339 63.40244 -1.437356
Car 0 1 1.716225 638 183 657 196 1.493747 1.634919 3.68457 3.18272 1.088739 84.82492 1.753729
