Car 0.4182389 0 2.269593 0 192 274 374 1.581004 1.67633 3.758134 -4.707326 1.632611 6.128962 1.614642
Car 0 0 1.955297 201 185 423 309 1.611007 1.743869 4.063929 -4.545714 1.57389 11.38373 1.575379
Car 0 0 -1.687786 721 174 792 230 1.773543 1.77327 5.095459 4.610877 1.328341 25.23228 -1.507043
Car 0 1 1.877988 361 192 482 263 1.392182 1.549477 3.649398 -4.325394 1.518878 16.24053 1.617697
Car 0 1 1.808707 430 187 520 243 1.464744 1.62806 3.922484 -4.104485 1.465519 20.94447 1.615189
Car 0 0 1.718771 575 182 609 205 1.465943 1.662682 3.757097 -1.840755 1.152175 47.64212 1.680153
Car 0 3 -1.644641 720 183 768 218 1.40595 1.662349 3.86098 5.24713 1.256344 31.2553 -1.478312
Car 0 2 -1.688756 714 179 754 211 1.590111 1.587046 3.339513 5.727185 1.189922 36.91441 -1.534835
Car 0 2 -1.612529 712 181 744 207 1.47251 1.60254 3.698168 6.16097 1.129612 42.05479 -1.467065
Car 0 1 1.712814 589 182 620 202 1.428983 1.675727 3.763085 -1.176926 1.084021 53.28469 1.69073
Car 0 2 -1.603118 709 180 738 204 1.490678 1.638055 3.515222 6.683171 1.06547 47.46355 -1.463231
Car 0 1 1.711837 599 182 627 200 1.382725 1.677222 4.342848 -0.6169395 1.0196 58.68286 1.701324
Car 0 2 -1.607999 706 180 732 201 1.499206 1.6414 4.137382 7.092208 1.004639 52.67559 -1.474164
Car 0 0 1.698087 625 181 645 195 1.453445 1.603852 3.198821 1.480762 0.8274955 74.37054 1.717995
Car 0 3 -1.581192 706 180 729 199 1.507654 1.661433 3.500855 7.655073 0.9450351 57.62727 -1.449128
Car 0 3 -1.602374 709 179 729 196 1.490741 1.678634 3.801369 9.27751 0.8092806 68.57908 -1.467908
Car 0 1 1.714311 631 180 651 194 1.493747 1.634919 3.68457 2.184916 0.770074 78.9858 1.741966
