Car 0.7026769 0 -2.3084 931 153 1241 374 1.773543 1.77327 5.095459 3.675928 1.57402 4.008462 -1.566249
Car 0 0 1.776964 470 191 539 236 1.465943 1.662682 3.757097 -4.089595 1.641527 25.99818 1.620939
Car 0 1 -1.912108 812 196 1041 324 1.40595 1.662349 3.86098 3.954652 1.550589 10.05897 -1.537523
Car 0 0 -1.848845 756 185 874 266 1.590111 1.587046 3.339513 4.098997 1.530639 15.73692 -1.594036
Car 0 1 -1.725927 731 188 810 244 1.47251 1.60254 3.698168 4.227851 1.512557 20.89428 -1.526278
Car 0 1 1.749711 506 191 560 226 1.428983 1.675727 3.763085 -3.760838 1.618387 31.67051 1.631515
Car 0 1 -1.689131 715 187 774 231 1.490678 1.638055 3.515222 4.429076 1.492378 26.32481 -1.522444
Car 0 1 1.736755 527 191 574 220 1.382725 1.677222 4.342848 -3.521272 1.597567 37.0927 1.642107
Car 0 1 -1.675941 702 186 751 223 1.499206 1.6414 4.137382 4.528988 1.474584 31.55224 -1.533375
Car 0 0 1.703294 574 188 602 208 1.453445 1.603852 3.198821 -2.355614 1.528811 52.87805 1.658775
Car 0 2 -1.63894 697 186 737 217 1.507654 1.661433 3.500855 4.797845 1.454623 36.52887 -1.508343
Car 0 3 -1.624306 698 185 730 213 1.50907 1.610535 3.512901 5.352097 1.428184 41.99864 -1.497554
Car 0 2 -1.647841 694 185 725 209 1.490741 1.678634 3.801369 5.769312 1.403852 47.55822 -1.527121
Car 0 1 1.716206 582 187 610 206 1.493747 1.634919 3.68457 -1.925827 1.507057 57.5272 1.682742
