Car 0.1881967 0 -2.091442 879 191 1241 374 1.496754 1.620751 4.107733 3.654293 1.543606 6.001488 -1.544506
Car 0 0 1.907468 341 191 478 275 1.581004 1.67633 3.758134 -4.444147 1.687062 15.83425 1.633841
Car 0 1 1.79037 426 188 519 250 1.611007 1.743869 4.063929 -4.181654 1.65995 21.0852 1.594588
Car 0 0 -1.637415 708 179 755 218 1.773543 1.77327 5.095459 5.23745 1.39184 34.75613 -1.487849
Car 0 1 1.784939 477 193 543 236 1.392182 1.549477 3.649398 -3.86812 1.633292 25.93712 1.636895
Car 0 1 1.749973 507 190 563 228 1.464744 1.62806 3.922484 -3.556934 1.607305 30.63618 1.634388
Car 0.008854747 0 0.565012 0 199 183 259 1.503748 1.873824 4.231641 -15.03616 1.907358 20.59463 -0.06563156
Car 0 0 1.712972 596 186 625 206 1.465943 1.662682 3.757097 -0.7812176 1.43706 57.28676 1.699336
Car 0 3 -1.656411 709 182 739 208 1.590111 1.587046 3.339513 6.577741 1.314513 46.41526 -1.515634
Car 0 3 -1.584952 709 184 734 206 1.47251 1.60254 3.698168 7.110105 1.281781 51.54662 -1.447881
Car 0 1 1.710058 607 186 633 203 1.428983 1.675727 3.763085 -0.009248734 1.396903 62.91582 1.709911
Car 0 3 -1.579073 708 183 731 203 1.490678 1.638055 3.515222 7.736006 1.245858 56.94462 -1.444048
Car 0 1 1.710924 615 186 640 202 1.382725 1.677222 4.342848 0.6542187 1.360176 68.30251 1.720502
Car 0 2 -1.586875 707 183 728 201 1.499206 1.6414 4.137382 8.24501 1.213363 62.14811 -1.454978
Car 0 0 1.700823 638 185 656 198 1.453445 1.603852 3.198821 3.052473 1.242852 83.94781 1.737169
Car 0 1 1.717738 643 184 661 197 1.493747 1.634919 3.68457 3.845015 1.206375 88.54893 1.761134
