Car 0.9463208 0 2.393333 0 199 167 374 1.611007 1.743869 4.063929 -4.746583 1.69084 4.26203 1.554199
Car 0 0 -1.749364 736 182 846 261 1.773543 1.77327 5.095459 4.114867 1.644889 18.30334 -1.528226
Car 0 0 2.066092 86 209 367 352 1.392182 1.549477 3.649398 -4.629173 1.69665 9.122721 1.596515
Car 0 0 1.909089 295 199 453 290 1.464744 1.62806 3.922484 -4.507939 1.702221 13.83059 1.594007
Car 0 0 1.728119 550 191 590 219 1.465943 1.662682 3.757097 -2.810116 1.72644 40.57201 1.658967
Car 0 2 -1.68722 728 194 794 240 1.40595 1.662349 3.86098 4.623425 1.649432 24.33892 -1.499496
Car 0 1 -1.720591 717 189 768 229 1.590111 1.587046 3.339513 4.983523 1.654565 30.00731 -1.556017
Car 0 2 -1.638112 711 191 751 223 1.47251 1.60254 3.698168 5.308351 1.659243 35.15608 -1.48825
Car 0 1 1.718522 567 191 602 215 1.428983 1.675727 3.763085 -2.265928 1.7302 46.22778 1.669545
Car 0 2 -1.624367 707 190 741 218 1.490678 1.638055 3.515222 5.715887 1.663684 40.57506 -1.484416
Car 0 1 1.715377 578 192 611 212 1.382725 1.677222 4.342848 -1.82039 1.734347 51.63699 1.680138
Car 0 2 -1.625936 701 189 732 214 1.499206 1.6414 4.137382 6.014454 1.668653 45.79495 -1.495349
Car 0 0 1.697629 609 190 631 206 1.453445 1.603852 3.198821 -0.05537033 1.742953 67.36674 1.696808
Car 0 3 -1.597143 701 189 727 211 1.507654 1.661433 3.500855 6.472329 1.672096 50.75779 -1.470314
Car 0 3 -1.587535 703 189 726 209 1.50907 1.610535 3.512901 7.234175 1.673964 56.2026 -1.459523
Car 0 3 -1.615755 702 189 725 207 1.490741 1.678634 3.801369 7.862482 1.676946 61.74235 -1.489093
Car 0 1 1.713125 615 189 637 205 1.493747 1.634919 3.68457 0.5508881 1.744846 71.99625 1.720777
