Car 0 0 -1.787733 751 189 897 278 1.38182 1.727404 3.973109 3.616252 1.440281 13.54055 -1.526756
Car 0.7844675 1 -3.208552 1182 161 1241 263 1.739288 1.579136 3.899857 11.71183 1.240895 12.04991 -2.437381
Car 0 1 -1.722283 724 182 812 246 1.496754 1.620751 4.107733 3.825334 1.385528 19.31234 -1.526737
Car 0 0 1.790572 486 185 549 227 1.581004 1.67633 3.758134 -4.096415 1.50792 29.28828 1.651608
Car 0 1 -3.015418 974 174 1173 238 1.488714 1.52631 4.377771 11.48928 1.191362 18.53492 -2.460515
Car 0 1 1.720257 515 183 566 220 1.611007 1.743869 4.063929 -3.740684 1.45382 34.53353 1.612357
Car 0.2733933 1 -3.120646 1077 170 1241 250 1.549682 1.800742 3.980218 11.91828 1.208582 15.20122 -2.455716
Car 0 0 -1.592692 696 176 726 204 1.773543 1.77327 5.095459 5.919039 1.085478 48.03315 -1.470082
Car 0 1 1.739303 538 186 579 214 1.392182 1.549477 3.649398 -3.341013 1.401983 39.37891 1.654663
Car 0 1 1.718912 553 185 590 210 1.464744 1.62806 3.922484 -2.946407 1.351582 44.07151 1.652156
Car 0 0 0.3553931 259 191 361 226 1.503748 1.873824 4.231641 -14.60126 1.740905 34.23747 -0.04772206
Car 0 0 1.712826 612 182 635 198 1.465943 1.662682 3.757097 0.3021832 1.039414 70.6673 1.717102
Car 0 3 -1.566147 699 181 724 201 1.40595 1.662349 3.86098 6.777355 1.011805 54.02855 -1.441359
Car 0 1 1.712288 621 182 642 196 1.428983 1.675727 3.763085 1.173979 0.9686433 76.28147 1.727677
Car 0 1 1.7146 627 182 648 195 1.382725 1.677222 4.342848 1.933002 0.9028794 81.65525 1.738268
Car 0 0 1.707582 647 181 663 192 1.453445 1.603852 3.198821 4.608669 0.6996005 97.25462 1.754935
Car 0 3 -1.563797 710 179 725 191 1.490741 1.678634 3.801369 12.18374 0.5530043 91.17783 -1.430958
Car 0 1 1.725115 652 180 668 191 1.493747 1.634919 3.68457 5.482771 0.6375463 101.8407 1.778899
Car 0 2 -1.536458 714 179 728 190 1.492202 1.606235 3.54776 13.39081 0.475744 96.52317 -1.398606
