Car 0.9809189 1 -2.636035 1065 150 1241 374 1.773543 1.77327 5.095459 3.656926 1.567539 2.025607 -1.571078
Car 0 0 1.79009 452 191 529 240 1.465943 1.662682 3.757097 -4.214308 1.623147 23.97774 1.616108
Car 0 0 -1.992816 846 196 1169 366 1.40595 1.662349 3.86098 3.906414 1.534326 8.077341 -1.542354
Car 0 0 -1.883409 769 183 911 278 1.590111 1.587046 3.339513 4.02333 1.505513 13.75589 -1.598864
Car 0 1 -1.745956 738 187 828 250 1.47251 1.60254 3.698168 4.127271 1.479387 18.91378 -1.531109
Car 0 1 1.75789 494 190 553 228 1.428983 1.675727 3.763085 -3.912963 1.590655 29.65154 1.626683
Car 0 1 -1.702189 718 185 784 234 1.490678 1.638055 3.515222 4.302259 1.45056 24.34517 -1.527276
Car 0 1 1.742364 517 190 568 221 1.382725 1.677222 4.342848 -3.699596 1.561096 35.07479 1.637275
Car 0 1 -1.685143 703 185 757 225 1.499206 1.6414 4.137382 4.376921 1.424695 29.573 -1.538206
Car 0 0 1.705214 568 187 598 208 1.453445 1.603852 3.198821 -2.610241 1.46564 50.86545 1.653942
Car 0 2 -1.646152 698 184 740 218 1.507654 1.661433 3.500855 4.621727 1.396582 34.55083 -1.513175
Car 0 3 -1.630347 697 184 732 213 1.50907 1.610535 3.512901 5.149529 1.360486 40.02316 -1.502386
Car 0 2 -1.652888 693 184 726 209 1.490741 1.678634 3.801369 5.539872 1.326732 45.58464 -1.531952
Car 0 1 1.717568 577 186 606 206 1.493747 1.634919 3.68457 -2.202932 1.435789 55.51658 1.677908
Car 0 3 -1.620553 696 184 723 206 1.492202 1.606235 3.54776 6.201923 1.288093 51.02485 -1.499599
Car 0 3 1.614142 521 185 542 202 1.60914 1.86729 3.690948 -9.063654 1.488448 73.75153 1.49186
