Car 0.6868885 0 -2.259096 950 195 1241 374 1.496754 1.620751 4.107733 3.621303 1.561113 4.205752 -1.54823
Car 0 0 1.941844 295 193 458 289 1.581004 1.67633 3.758134 -4.513842 1.714497 14.00802 1.630117
Car 0 1 1.809083 402 190 507 258 1.611007 1.743869 4.063929 -4.270903 1.696323 19.25995 1.590864
Car 0 0 -1.644982 710 180 759 222 1.773543 1.77327 5.095459 5.097385 1.458413 32.96631 -1.491572
Car 0 1 1.796569 462 195 535 241 1.392182 1.549477 3.649398 -3.975435 1.677982 24.11304 1.633172
Car 0 1 1.757756 496 191 556 232 1.464744 1.62806 3.922484 -3.681747 1.660054 28.81327 1.630665
Car 0.2840955 1 0.6099164 0 202 138 266 1.503748 1.873824 4.231641 -15.12369 1.934309 18.72852 -0.06939438
Car 0 0 1.713731 593 187 622 208 1.465943 1.662682 3.757097 -1.005254 1.536322 55.47425 1.695612
Car 0 3 -1.611233 712 187 748 215 1.40595 1.662349 3.86098 5.82672 1.427766 38.97913 -1.462849
Car 0 3 -1.661661 709 184 741 210 1.590111 1.587046 3.339513 6.394266 1.401534 44.63046 -1.519358
Car 0 3 -1.58953 709 185 735 208 1.47251 1.60254 3.698168 6.90753 1.377756 49.76382 -1.451605
Car 0 1 1.710348 604 187 631 205 1.428983 1.675727 3.763085 -0.2542439 1.506136 61.1062 1.706187
Car 0 3 -1.583138 708 185 732 205 1.490678 1.638055 3.515222 7.513331 1.351305 55.16417 -1.447771
Car 0 1 1.710926 612 187 637 203 1.382725 1.677222 4.342848 0.3891678 1.478892 66.49539 1.716779
Car 0 2 -1.590499 706 185 728 203 1.499206 1.6414 4.137382 8.00296 1.327865 60.36956 -1.458701
Car 0 0 1.700235 636 186 654 199 1.453445 1.603852 3.198821 2.729179 1.389482 82.14969 1.733445
Car 0 3 -1.56523 707 184 727 202 1.507654 1.661433 3.500855 8.642336 1.301804 65.31223 -1.433671
Car 0 1 1.717035 641 185 659 198 1.493747 1.634919 3.68457 3.504593 1.361284 86.75379 1.75741
