Car 0 0 -1.808686 754 161 914 270 1.773543 1.77327 5.095459 3.918868 1.295556 14.22194 -1.539807
Car 0.7457093 0 2.346658 0 211 197 374 1.392182 1.549477 3.649398 -4.716969 1.640913 4.945748 1.584932
Car 0 0 2.031331 105 190 382 335 1.464744 1.62806 3.922484 -4.650283 1.546404 9.653757 1.582425
Car 0 0 1.736763 531 177 578 208 1.465943 1.662682 3.757097 -3.262527 0.9904721 36.4073 1.64739
Car 0 2 -1.722907 738 178 822 234 1.40595 1.662349 3.86098 4.357418 1.167709 20.26166 -1.511076
Car 0 1 -1.745092 721 172 784 219 1.590111 1.587046 3.339513 4.651791 1.049864 25.93262 -1.5676
Car 0 2 -1.656712 713 174 760 211 1.47251 1.60254 3.698168 4.916918 0.9428642 31.0837 -1.499828
Car 0 1 1.72405 552 177 592 203 1.428983 1.675727 3.763085 -2.78396 0.8693892 42.0677 1.657968
Car 0 1 -1.639139 707 174 746 205 1.490678 1.638055 3.515222 5.261609 0.8290061 36.50584 -1.495994
Car 0 1 1.719091 565 177 601 199 1.382725 1.677222 4.342848 -2.401165 0.7550033 47.48051 1.668563
Car 0 1 -1.637971 700 173 735 201 1.499206 1.6414 4.137382 5.499657 0.7211109 41.72773 -1.506927
Car 0 0 1.698182 599 175 623 192 1.453445 1.603852 3.198821 -0.818697 0.4134874 63.22598 1.685234
Car 0 3 -1.607576 698 173 728 197 1.507654 1.661433 3.500855 5.899956 0.6152346 46.69443 -1.48189
Car 0 2 -1.624192 699 173 724 192 1.490741 1.678634 3.801369 7.162592 0.3737605 57.69172 -1.500671
Car 0 1 1.713129 606 174 629 190 1.493747 1.634919 3.68457 -0.2661839 0.3113313 67.86107 1.709207
Car 0 3 1.598911 557 174 574 187 1.60914 1.86729 3.690948 -6.553728 0.06373531 86.2999 1.523115
