Car 0.5180779 0 -2.177149 918 206 1241 374 1.38182 1.727404 3.973109 3.591971 1.559689 4.801691 -1.534888
Car 0 0 -1.875985 792 189 1002 316 1.496754 1.620751 4.107733 3.754109 1.529171 10.57517 -1.534869
Car 0 0 1.848036 417 188 515 251 1.581004 1.67633 3.758134 -4.249853 1.633092 20.48548 1.643481
Car 0 1 1.756029 471 186 543 236 1.611007 1.743869 4.063929 -3.936761 1.602223 25.73363 1.604225
Car 0 0 -1.620059 706 179 745 214 1.773543 1.77327 5.095459 5.614361 1.35739 39.31311 -1.478207
Car 0 1 1.762953 507 191 561 227 1.392182 1.549477 3.649398 -3.576469 1.572364 30.58229 1.646536
Car 0 1 1.735051 530 188 577 220 1.464744 1.62806 3.922484 -3.22 1.543304 35.27812 1.644028
Car 0 0 0.4723846 120 195 268 242 1.503748 1.873824 4.231641 -14.79634 1.809003 25.34769 -0.05598955
Car 0 0 1.712009 605 185 631 203 1.465943 1.662682 3.757097 -0.1874237 1.359459 61.9006 1.708981
Car 0 3 -1.590304 709 185 739 209 1.40595 1.662349 3.86098 6.423998 1.313563 45.31555 -1.449481
Car 0 1 1.710097 615 185 639 201 1.428983 1.675727 3.763085 0.6388035 1.317132 67.52194 1.719557
Car 0 1 1.711576 622 185 646 200 1.382725 1.677222 4.342848 1.354191 1.278044 72.90196 1.730149
Car 0 3 -1.577826 708 183 727 200 1.499206 1.6414 4.137382 8.885929 1.165519 66.67471 -1.445334
Car 0 0 1.702753 644 184 661 196 1.453445 1.603852 3.198821 3.903261 1.155644 88.52336 1.746817
Car 0 1 1.719922 649 184 666 196 1.493747 1.634919 3.68457 4.740158 1.118005 93.11662 1.770784
