Car 0.9253347 0 -2.381824 1006 196 1241 374 1.496754 1.620751 4.107733 3.613092 1.559696 3.291662 -1.549908
Car 0 0 1.962415 267 192 446 296 1.581004 1.67633 3.758134 -4.538568 1.694048 13.08048 1.62844
Car 0 1 1.819804 388 189 500 261 1.611007 1.743869 4.063929 -4.304441 1.667602 18.33277 1.589186
Car 0 0 -1.649233 711 178 762 222 1.773543 1.77327 5.095459 5.040914 1.411756 32.05446 -1.49325
Car 0 1 1.803045 454 194 530 243 1.392182 1.549477 3.649398 -4.017118 1.641646 23.18632 1.631494
Car 0 1 1.761998 490 190 553 232 1.464744 1.62806 3.922484 -3.731316 1.616347 27.887 1.628987
Car 0.4845564 1 0.6347744 0 201 113 268 1.503748 1.873824 4.231641 -15.15642 1.901895 17.78349 -0.0710389
Car 0 0 1.714089 591 186 621 207 1.465943 1.662682 3.757097 -1.09955 1.451225 54.55221 1.693936
Car 0 3 -1.614697 713 186 750 214 1.40595 1.662349 3.86098 5.760161 1.371828 38.06844 -1.464525
Car 0 3 -1.664555 710 183 743 210 1.590111 1.587046 3.339513 6.318227 1.336822 43.72067 -1.521035
Car 0 3 -1.592039 709 184 736 207 1.47251 1.60254 3.698168 6.822877 1.305074 48.85483 -1.453281
Car 0 1 1.710459 603 186 630 204 1.428983 1.675727 3.763085 -0.3579865 1.412374 60.18536 1.704511
Car 0 2 -1.585356 708 184 732 204 1.490678 1.638055 3.515222 7.419621 1.270266 54.25615 -1.449447
Car 0 1 1.710888 611 186 636 203 1.382725 1.677222 4.342848 0.2763824 1.376806 65.57558 1.715103
Car 0 2 -1.59247 706 183 729 202 1.499206 1.6414 4.137382 7.900517 1.238731 59.46231 -1.460378
Car 0 0 1.699896 635 185 653 198 1.453445 1.603852 3.198821 2.590137 1.263415 81.23362 1.73177
Car 0 3 -1.567046 707 183 727 201 1.507654 1.661433 3.500855 8.531603 1.205057 64.406 -1.435347
Car 0 1 1.716637 640 184 658 197 1.493747 1.634919 3.68457 3.35783 1.2282 85.83896 1.755735
