Car 0 0 -1.942441 800 165 1119 355 1.773543 1.77327 5.095459 3.755858 1.546609 9.152153 -1.553019
Car 0.9365301 0 2.385453 0 217 172 374 1.464744 1.62806 3.922484 -4.752106 1.725654 4.467702 1.569218
Car 0 0 1.752609 505 190 561 227 1.465943 1.662682 3.757097 -3.717818 1.612649 31.24277 1.634168
Car 0 1 -1.788681 762 191 887 270 1.40595 1.662349 3.86098 4.114598 1.518697 15.19842 -1.524293
Car 0 1 -1.785526 733 184 815 243 1.590111 1.587046 3.339513 4.334046 1.494739 20.87395 -1.580805
Car 0 1 -1.6854 719 187 778 231 1.47251 1.60254 3.698168 4.531117 1.473021 26.02915 -1.513049
Car 0 1 1.734291 532 190 577 220 1.428983 1.675727 3.763085 -3.314054 1.585194 36.91023 1.644744
Car 0 1 -1.660768 709 186 756 222 1.490678 1.638055 3.515222 4.804165 1.448902 31.45652 -1.509215
Car 0 1 1.726156 548 189 589 215 1.382725 1.677222 4.342848 -3.00278 1.560374 42.32877 1.655336
Car 0 1 -1.6549 700 185 741 217 1.499206 1.6414 4.137382 4.973225 1.427474 36.68216 -1.520146
Car 0 0 1.700025 587 187 613 206 1.453445 1.603852 3.198821 -1.62842 1.479186 58.09726 1.672003
Car 0 2 -1.621857 697 185 731 212 1.507654 1.661433 3.500855 5.307889 1.40376 41.65478 -1.495114
Car 0 3 -1.609618 698 185 727 209 1.50907 1.610535 3.512901 5.934442 1.372759 47.11672 -1.484325
Car 0 2 -1.63528 696 185 724 206 1.490741 1.678634 3.801369 6.425159 1.344038 52.67028 -1.513891
Car 0 1 1.714092 595 186 620 204 1.493747 1.634919 3.68457 -1.137175 1.453625 62.74029 1.695969
