Car 0 0 -1.803877 760 192 920 289 1.38182 1.727404 3.973109 3.645679 1.504232 12.71919 -1.524733
Car 0.938188 1 -3.243706 1223 164 1241 270 1.739288 1.579136 3.899857 11.73841 1.305792 11.21306 -2.435422
Car 0 1 -1.730845 730 186 824 252 1.496754 1.620751 4.107733 3.866445 1.474124 18.49072 -1.524714
Car 0 0 1.794372 483 188 548 232 1.581004 1.67633 3.758134 -4.035285 1.631681 28.48204 1.653631
Car 0 1 -3.03592 992 177 1202 245 1.488714 1.52631 4.377771 11.52899 1.283539 17.69865 -2.458558
Car 0 1 1.722738 514 186 566 224 1.611007 1.743869 4.063929 -3.668932 1.600127 33.72674 1.61438
Car 0.4242647 0 -3.147725 1104 174 1241 256 1.549682 1.800742 3.980218 11.95124 1.287018 14.36406 -2.45376
Car 0 0 -1.59486 698 179 729 208 1.773543 1.77327 5.095459 6.018313 1.297654 47.20827 -1.46806
Car 0 1 1.740989 538 190 579 218 1.392182 1.549477 3.649398 -3.259449 1.56918 38.57148 1.656685
Car 0 1 1.720082 553 188 591 214 1.464744 1.62806 3.922484 -2.855339 1.539018 43.26344 1.654178
Car 0 0 0.3639682 251 194 357 230 1.503748 1.873824 4.231641 -14.53034 1.876214 33.4514 -0.0458134
Car 0 0 1.712721 614 185 637 201 1.465943 1.662682 3.757097 0.4471359 1.342462 69.8537 1.719122
Car 0 3 -1.568104 702 184 727 205 1.40595 1.662349 3.86098 6.888779 1.250157 53.20217 -1.439338
Car 0 1 1.712071 623 185 644 200 1.428983 1.675727 3.763085 1.330317 1.296263 75.46635 1.729697
Car 0 1 1.714313 629 185 650 198 1.382725 1.677222 4.342848 2.100225 1.253951 80.83882 1.740287
Car 0 0 1.707141 649 184 665 195 1.453445 1.603852 3.198821 4.807516 1.119173 96.43347 1.756953
Car 0 3 -1.56502 713 182 727 195 1.490741 1.678634 3.801369 12.37045 0.9536233 90.34207 -1.428937
Car 0 1 1.724641 654 184 670 195 1.493747 1.634919 3.68457 5.69092 1.077336 101.018 1.780917
Car 0 2 -1.537655 717 182 731 194 1.492202 1.606235 3.54776 13.58837 0.9000964 95.68524 -1.396587
