Car 0.1098229 0 2.129887 0 190 325 374 1.611007 1.743869 4.063929 -4.678165 1.651013 7.354344 1.563339
Car 0 0 -1.718646 728 172 817 240 1.773543 1.77327 5.095459 4.310297 1.3614 21.31176 -1.519089
Car 0 1 1.959843 249 197 430 299 1.392182 1.549477 3.649398 -4.516353 1.59851 12.21348 1.605653
Car 0 1 1.854908 367 190 488 262 1.464744 1.62806 3.922484 -4.352114 1.547536 16.91977 1.603145
Car 0 0 1.723272 561 183 599 209 1.465943 1.662682 3.757097 -2.410163 1.241661 43.64283 1.668104
Car 0 3 -1.666765 724 183 780 224 1.40595 1.662349 3.86098 4.873936 1.290334 27.34203 -1.49036
Car 0 1 -1.705673 715 179 761 215 1.590111 1.587046 3.339513 5.285782 1.225494 33.00653 -1.546878
Car 0 2 -1.626333 711 181 747 210 1.47251 1.60254 3.698168 5.657612 1.166635 38.15178 -1.479114
Car 0 1 1.715472 577 183 610 205 1.428983 1.675727 3.763085 -1.814371 1.173973 49.293 1.678681
Car 0 2 -1.614721 708 180 739 206 1.490678 1.638055 3.515222 6.114613 1.103624 43.56645 -1.47528
Car 0 1 1.713392 587 183 618 202 1.382725 1.677222 4.342848 -1.319464 1.110448 54.69754 1.689274
Car 0 2 -1.617886 703 180 732 203 1.499206 1.6414 4.137382 6.460836 1.044449 48.78306 -1.486212
Car 0 0 1.697577 616 181 637 196 1.453445 1.603852 3.198821 0.5890408 0.9181234 70.40936 1.705943
Car 0 3 -1.590044 703 180 727 201 1.507654 1.661433 3.500855 6.963999 0.9853718 53.74117 -1.461178
Car 0 3 -1.58103 706 179 727 198 1.50907 1.610535 3.512901 7.775488 0.9163567 59.17836 -1.450387
Car 0 3 -1.609867 705 179 727 197 1.490741 1.678634 3.801369 8.454329 0.8485147 64.71172 -1.479957
Car 0 1 1.713421 622 180 643 195 1.493747 1.634919 3.68457 1.23752 0.8601146 75.03276 1.729912
