Car 0.006073236 0 -1.982791 837 200 1202 374 1.38182 1.727404 3.973109 3.628298 1.552527 7.44767 -1.529458
Car 0 0 -1.810854 766 188 916 286 1.496754 1.620751 4.107733 3.821781 1.52491 13.22019 -1.529439
Car 0 0 1.825208 447 188 530 242 1.581004 1.67633 3.758134 -4.128334 1.629637 23.17375 1.648911
Car 0.6455169 1 -3.20808 1138 182 1241 270 1.488714 1.52631 4.377771 11.48914 1.387048 12.46465 -2.463384
Car 0 1 1.742116 490 186 554 231 1.611007 1.743869 4.063929 -3.786749 1.60149 28.42014 1.609654
Car 0 0 -1.611063 705 180 741 212 1.773543 1.77327 5.095459 5.838047 1.3681 41.94769 -1.472777
Car 0 1 1.75382 521 190 570 223 1.392182 1.549477 3.649398 -3.400136 1.57418 33.26678 1.651965
Car 0 1 1.728799 540 188 584 218 1.464744 1.62806 3.922484 -3.018172 1.547593 37.96062 1.649458
Car 0 0 0.4300677 175 194 305 236 1.503748 1.873824 4.231641 -14.64836 1.80261 28.09304 -0.05057124
Car 0 0 1.71195 610 186 635 203 1.465943 1.662682 3.757097 0.1589279 1.378277 64.56634 1.714411
Car 0 3 -1.58249 708 185 736 208 1.40595 1.662349 3.86098 6.680269 1.327613 47.94568 -1.444051
Car 0 1 1.710516 620 186 643 201 1.428983 1.675727 3.763085 1.015669 1.339111 70.18313 1.724987
Car 0 1 1.712287 626 186 649 200 1.382725 1.677222 4.342848 1.760262 1.303011 75.55922 1.735579
Car 0 0 1.704086 647 184 664 196 1.453445 1.603852 3.198821 4.394131 1.189524 91.16661 1.752247
Car 0 1 1.72138 652 184 669 196 1.493747 1.634919 3.68457 5.255957 1.15455 95.75526 1.776214
