Car 0.8558714 0 -2.449896 985 153 1241 374 1.773543 1.77327 5.095459 3.665071 1.57318 3.022125 -1.568647
Car 0 0 1.783203 461 191 534 238 1.465943 1.662682 3.757097 -4.153055 1.637833 24.99321 1.618541
Car 0 0 -1.9486 827 196 1096 343 1.40595 1.662349 3.86098 3.929282 1.547131 9.07327 -1.539921
Car 0 0 -1.86501 762 184 891 272 1.590111 1.587046 3.339513 4.060009 1.524814 14.75154 -1.596434
Car 0 1 -1.735455 735 188 818 247 1.47251 1.60254 3.698168 4.176495 1.504585 19.90919 -1.528676
Car 0 1 1.75362 500 191 557 227 1.428983 1.675727 3.763085 -3.837903 1.612188 30.66629 1.629117
Car 0 1 -1.695413 717 186 778 232 1.490678 1.638055 3.515222 4.364695 1.482094 25.34018 -1.524843
Car 0 1 1.739444 522 190 571 221 1.382725 1.677222 4.342848 -3.611343 1.58903 36.08904 1.639708
Car 0 1 -1.680402 702 186 754 224 1.499206 1.6414 4.137382 4.45207 1.462146 30.56783 -1.535774
Car 0 0 1.704213 571 187 600 209 1.453445 1.603852 3.198821 -2.483555 1.513114 51.8771 1.656376
Car 0 2 -1.642454 697 185 738 218 1.507654 1.661433 3.500855 4.708989 1.440002 35.54508 -1.510742
Car 0 3 -1.627262 698 185 731 213 1.50907 1.610535 3.512901 5.250114 1.410968 41.01616 -1.499953
Car 0 2 -1.650319 693 185 725 209 1.490741 1.678634 3.801369 5.653994 1.384109 46.57671 -1.529519
Car 0 1 1.716856 580 187 608 206 1.493747 1.634919 3.68457 -2.064922 1.489186 56.52726 1.680342
Car 0 3 -1.618251 696 185 722 206 1.492202 1.606235 3.54776 6.329298 1.352755 52.01532 -1.497165
