Car 0.1309462 0 2.200551 0 192 314 374 1.581004 1.67633 3.758134 -4.687033 1.642129 7.101506 1.617174
Car 0 0 1.928044 243 186 438 299 1.611007 1.743869 4.063929 -4.512109 1.592391 12.35594 1.577913
Car 0 0 -1.681372 720 175 787 229 1.773543 1.77327 5.095459 4.67938 1.356599 26.18152 -1.504511
Car 0 1 1.863918 379 192 491 260 1.392182 1.549477 3.649398 -4.279486 1.545569 17.21225 1.620229
Car 0 1 1.800312 441 188 526 242 1.464744 1.62806 3.922484 -4.046663 1.50013 21.9157 1.617722
Car 0 0 1.717957 578 183 611 206 1.465943 1.662682 3.757097 -1.715329 1.230125 48.60801 1.682683
Car 0 3 -1.639834 719 184 765 218 1.40595 1.662349 3.86098 5.330883 1.29418 32.20302 -1.475782
Car 0 2 -1.684965 714 180 753 212 1.590111 1.587046 3.339513 5.825266 1.236945 37.86099 -1.532302
Car 0 2 -1.609375 712 182 743 208 1.47251 1.60254 3.698168 6.272069 1.184983 43.00035 -1.464535
Car 0 1 1.712377 592 183 622 203 1.428983 1.675727 3.763085 -1.037217 1.170836 54.24897 1.69326
Car 0 2 -1.600422 710 181 737 204 1.490678 1.638055 3.515222 6.807962 1.129519 48.40787 -1.460701
Car 0 1 1.711625 601 183 629 201 1.382725 1.677222 4.342848 -0.4635639 1.115016 59.64581 1.703853
Car 0 2 -1.605669 706 181 732 202 1.499206 1.6414 4.137382 7.230199 1.077202 53.61895 -1.471634
Car 0 0 1.698307 627 182 647 196 1.453445 1.603852 3.198821 1.673843 0.9471545 75.32841 1.720524
Car 0 3 -1.579089 707 181 729 200 1.507654 1.661433 3.500855 7.805599 1.025409 58.56927 -1.446598
Car 0 3 -1.600569 710 181 730 196 1.490741 1.678634 3.801369 9.455751 0.906327 69.51714 -1.465378
Car 0 1 1.71461 632 181 652 195 1.493747 1.634919 3.68457 2.389675 0.8967267 79.94196 1.744493
