Car 0.08494109 0 -2.03569 833 164 1241 374 1.773543 1.77327 5.095459 3.718485 1.605018 7.17778 -1.557703
Car 0 0 1.760728 493 195 553 235 1.465943 1.662682 3.757097 -3.858706 1.812786 29.23223 1.629485
Car 0 1 -1.826056 777 198 929 290 1.40595 1.662349 3.86098 4.048905 1.618035 13.22571 -1.528977
Car 0 1 -1.806238 740 189 834 255 1.590111 1.587046 3.339513 4.241768 1.632393 18.90224 -1.58549
Car 0 1 -1.699213 723 192 789 240 1.47251 1.60254 3.698168 4.414693 1.645476 24.05833 -1.517732
Car 0 1 1.739483 523 195 572 227 1.428983 1.675727 3.763085 -3.481486 1.823756 34.90157 1.64006
Car 0 1 -1.670715 711 191 762 230 1.490678 1.638055 3.515222 4.662319 1.658053 29.48696 -1.513899
Car 0 1 1.729739 541 195 584 221 1.382725 1.677222 4.342848 -3.195594 1.835608 40.32155 1.650652
Car 0 1 -1.662429 700 190 744 224 1.499206 1.6414 4.137382 4.806901 1.671875 34.71336 -1.52483
Car 0 0 1.701089 583 192 609 211 1.453445 1.603852 3.198821 -1.895086 1.861553 56.09649 1.667319
Car 0 2 -1.628054 697 190 733 219 1.507654 1.661433 3.500855 5.118276 1.681858 39.68754 -1.499798
Car 0 3 -1.615004 698 190 728 215 1.50907 1.610535 3.512901 5.719245 1.6881 45.15244 -1.489009
Car 0 2 -1.639928 695 190 724 212 1.490741 1.678634 3.801369 6.183956 1.697116 50.7083 -1.518575
Car 0 1 1.71475 590 191 617 210 1.493747 1.634919 3.68457 -1.425591 1.867614 60.74184 1.691285
Car 0 3 -1.608846 699 189 722 209 1.492202 1.606235 3.54776 6.918737 1.700809 56.13929 -1.486222
