Car 0.9984578 2 2.600868 0 201 43 374 1.581004 1.67633 3.758134 -4.764341 1.680682 3.088615 1.605235
Car 0 0 2.074564 0 186 355 372 1.611007 1.743869 4.063929 -4.652165 1.613007 8.344558 1.565974
Car 0 0 -1.710293 726 171 810 236 1.773543 1.77327 5.095459 4.373297 1.306855 22.27773 -1.51645
Car 0 1 1.935247 283 194 445 286 1.392182 1.549477 3.649398 -4.477543 1.549419 13.20312 1.60829
Car 0 1 1.841474 385 187 496 255 1.464744 1.62806 3.922484 -4.300896 1.487721 17.90883 1.605783
Car 0 0 1.721981 565 181 601 206 1.465943 1.662682 3.757097 -2.28847 1.12277 44.62593 1.670745
Car 0 3 -1.66094 723 182 776 221 1.40595 1.662349 3.86098 4.952845 1.222684 28.30631 -1.48772
Car 0 1 -1.701303 714 177 759 213 1.590111 1.587046 3.339513 5.379628 1.145322 33.96955 -1.544241
Car 0 2 -1.622812 711 179 746 208 1.47251 1.60254 3.698168 5.765029 1.075084 39.11366 -1.476473
Car 0 1 1.714682 580 181 612 203 1.428983 1.675727 3.763085 -1.677774 1.042924 50.27435 1.681322
Car 0 2 -1.611791 708 179 738 204 1.490678 1.638055 3.515222 6.23631 1.000217 44.52695 -1.472639
Car 0 1 1.712902 590 181 620 200 1.382725 1.677222 4.342848 -1.168613 0.9676348 55.67741 1.691916
Car 0 2 -1.615411 704 178 731 201 1.499206 1.6414 4.137382 6.596291 0.929451 49.74249 -1.483572
Car 0 0 1.697641 618 179 639 195 1.453445 1.603852 3.198821 0.7813454 0.7419525 71.3837 1.708586
Car 0 3 -1.587841 704 178 728 199 1.507654 1.661433 3.500855 7.112528 0.8596692 54.69911 -1.458536
Car 0 3 -1.578997 706 178 727 197 1.50907 1.610535 3.512901 7.93837 0.7793818 60.13399 -1.447745
Car 0 3 -1.608018 706 178 727 195 1.490741 1.678634 3.801369 8.631805 0.6998042 65.66539 -1.477316
Car 0 1 1.713586 624 179 645 193 1.493747 1.634919 3.68457 1.442024 0.6742839 76.00525 1.732557
