Car 0.8800966 0 1.675254 0 207 23 295 1.426602 1.740349 3.627708 -11.91206 1.825493 12.88588 0.9291056
Car 0 0 1.303314 873 178 992 250 1.516165 1.552475 3.912388 7.175406 1.298965 17.02654 1.702153
Car 0 0 1.517245 779 176 866 245 1.615665 1.839667 4.097933 5.112293 1.333958 18.78474 1.782961
Car 0 0 -1.724064 262 194 326 232 1.38182 1.727404 3.973109 -13.3035 1.696343 29.44431 -2.148429
Car 0 1 -2.883379 446 180 536 221 1.739288 1.579136 3.899857 -5.85634 1.472131 32.94997 -3.059276
Car 0 1 -1.699676 246 192 298 226 1.496754 1.620751 4.107733 -16.49509 1.729671 34.25813 -2.14841
Car 0 0 1.680669 41 195 93 227 1.581004 1.67633 3.758134 -28.74285 2.006412 37.7516 1.029932
Car 0 2 -2.830261 389 187 477 217 1.488714 1.52631 4.377771 -9.814083 1.52168 38.09206 -3.082419
Car 0 2 1.631778 56 194 101 223 1.611007 1.743869 4.063929 -31.50861 2.032315 42.22285 0.9906841
Car 0 2 -2.86952 423 185 510 219 1.549682 1.800742 3.980218 -7.523905 1.487886 35.63203 -3.077619
Car 0 0 -1.59986 218 188 247 211 1.773543 1.77327 5.095459 -31.52069 1.867646 58.82581 -2.09176
Car 0 2 1.665498 69 197 107 220 1.392182 1.549477 3.649398 -34.00577 2.054363 46.39464 1.032987
Car 0 1 1.655831 78 195 115 218 1.464744 1.62806 3.922484 -36.41807 2.075517 50.43928 1.03048
Car 0 0 1.683102 125 193 150 209 1.465943 1.662682 3.757097 -49.26751 2.168632 73.95245 1.095418
Car 0 3 -1.572173 222 192 245 209 1.40595 1.662349 3.86098 -34.3149 1.885303 64.19972 -2.06304
Car 0 1 1.686474 133 193 157 207 1.428983 1.675727 3.763085 -51.82874 2.183366 79.02432 1.105992
Car 0 1 1.691688 139 193 162 206 1.382725 1.677222 4.342848 -54.34161 2.199465 83.83507 1.116582
Car 0 0 1.691517 159 192 177 203 1.453445 1.603852 3.198821 -61.25231 2.233703 98.07521 1.133246
Car 0 1 1.710641 164 192 182 203 1.493747 1.634919 3.68457 -63.21288 2.241453 102.3127 1.157207
Car 0 2 -1.538181 234 190 249 201 1.492202 1.606235 3.54776 -53.68936 1.996439 102.5981 -2.020293
Car 0 0 -2.167875 508 155 794 324 1.945312 1.892187 4.609375 0.2136812 1.540187 10.56662 -2.147655
Car 0 0 -1.918392 371 197 500 265 1.337052 1.655838 3.804953 -4.364933 1.594806 16.78733 -2.172773
