Car 0.08912778 0 -2.032857 858 200 1241 374 1.38182 1.727404 3.973109 3.617557 1.544546 6.599004 -1.531399
Car 0 0 -1.829371 773 187 939 293 1.496754 1.620751 4.107733 3.799831 1.503746 12.37182 -1.53138
Car 0 0 1.831739 438 186 525 243 1.581004 1.67633 3.758134 -4.169748 1.577107 22.31007 1.646971
Car 0.77791 1 -3.243699 1172 182 1241 273 1.488714 1.52631 4.377771 11.46879 1.37563 11.6309 -2.465319
Car 0 1 1.74611 484 185 550 231 1.611007 1.743869 4.063929 -3.838349 1.537151 27.55704 1.607713
Car 0 0 -1.613954 705 178 742 211 1.773543 1.77327 5.095459 5.760337 1.282432 41.10275 -1.474716
Car 0 1 1.756433 517 189 567 222 1.392182 1.549477 3.649398 -3.461141 1.499007 32.40435 1.650026
Car 0 1 1.730572 537 186 582 217 1.464744 1.62806 3.922484 -3.088289 1.461935 37.09885 1.647519
Car 0 0 0.4428428 159 192 294 236 1.503748 1.873824 4.231641 -14.69951 1.727705 27.20924 -0.05247604
Car 0 0 1.71189 608 184 634 201 1.465943 1.662682 3.757097 0.0371933 1.234244 63.71025 1.712474
Car 0 3 -1.585014 709 184 737 207 1.40595 1.662349 3.86098 6.590925 1.228916 47.10226 -1.445989
Car 0 1 1.710314 618 184 642 199 1.428983 1.675727 3.763085 0.8830395 1.182949 69.32858 1.72305
Car 0 1 1.711999 625 184 648 198 1.382725 1.677222 4.342848 1.617205 1.13516 74.70602 1.733643
Car 0 0 1.703613 646 183 663 195 1.453445 1.603852 3.198821 4.220802 0.9882323 90.31821 1.750312
Car 0 1 1.720871 651 182 668 194 1.493747 1.634919 3.68457 5.073736 0.9435175 94.90845 1.774279
