Car 0.3923865 0 2.204724 0 193 282 374 1.611007 1.743869 4.063929 -4.704905 1.674491 6.259977 1.56021
Car 0 0 -1.728656 730 174 826 246 1.773543 1.77327 5.095459 4.240014 1.437267 20.24633 -1.522218
Car 0 1 1.99156 203 200 412 314 1.392182 1.549477 3.649398 -4.558297 1.636421 11.11973 1.602523
Car 0 1 1.871695 345 192 477 271 1.464744 1.62806 3.922484 -4.408782 1.599435 15.82664 1.600016
Car 0 0 1.724832 557 185 596 211 1.465943 1.662682 3.757097 -2.550427 1.374282 42.55645 1.664973
Car 0 3 -1.673597 725 186 785 228 1.40595 1.662349 3.86098 4.784792 1.384577 26.27851 -1.49349
Car 0 1 -1.710732 715 181 764 219 1.590111 1.587046 3.339513 5.178917 1.336848 31.94444 -1.550008
Car 0 2 -1.63037 711 183 749 214 1.47251 1.60254 3.698168 5.534654 1.293529 37.09099 -1.482244
Car 0 1 1.716439 574 185 608 208 1.428983 1.675727 3.763085 -1.972308 1.323899 48.20863 1.67555
Car 0 2 -1.618053 707 183 740 209 1.490678 1.638055 3.515222 5.974714 1.246955 42.50723 -1.47841
Car 0 1 1.714007 584 185 616 205 1.382725 1.677222 4.342848 -1.494308 1.276831 53.61486 1.686143
Car 0 2 -1.620685 703 182 732 206 1.499206 1.6414 4.137382 6.30462 1.203496 47.72505 -1.489342
Car 0 0 1.697547 614 183 635 199 1.453445 1.603852 3.198821 0.365057 1.132949 69.33308 1.702812
Car 0 3 -1.592524 702 182 727 203 1.507654 1.661433 3.500855 6.792271 1.159579 52.68486 -1.464308
Car 0 3 -1.58331 705 182 727 201 1.50907 1.610535 3.512901 7.58676 1.107522 58.12475 -1.453518
Car 0 3 -1.611936 704 182 726 199 1.490741 1.678634 3.801369 8.248291 1.056749 63.6604 -1.483087
Car 0 1 1.713273 620 183 641 198 1.493747 1.634919 3.68457 0.9990768 1.089307 73.95866 1.726781
