Car 0 0 2.0529 134 193 396 335 1.581004 1.67633 3.758134 -4.616699 1.681655 10.068 1.622957
Car 0 1 1.86404 331 188 474 277 1.611007 1.743869 4.063929 -4.411376 1.650638 15.32147 1.583701
Car 0 0 -1.664218 715 178 774 226 1.773543 1.77327 5.095459 4.859159 1.411057 29.09411 -1.49873
Car 0 1 1.8289 422 194 513 251 1.392182 1.549477 3.649398 -4.150664 1.620686 20.1765 1.626012
Car 0 1 1.778633 468 190 541 237 1.464744 1.62806 3.922484 -3.890636 1.591542 24.87865 1.623505
Car 0.9972929 3 0.7271692 0 202 10 271 1.503748 1.873824 4.231641 -15.26087 1.850437 14.71272 -0.07651499
Car 0 0 1.715703 585 186 616 207 1.465943 1.662682 3.757097 -1.405029 1.407871 51.55776 1.688458
Car 0 3 -1.626647 716 186 757 217 1.40595 1.662349 3.86098 5.545449 1.367351 35.11191 -1.470004
Car 0 2 -1.674387 712 182 747 211 1.590111 1.587046 3.339513 6.072533 1.328415 40.76709 -1.526518
Car 0 2 -1.600471 711 184 739 208 1.47251 1.60254 3.698168 6.549042 1.293088 45.90392 -1.458759
Car 0 1 1.711174 597 186 626 205 1.428983 1.675727 3.763085 -0.694334 1.3657 57.19487 1.699034
Car 0 2 -1.59274 709 183 735 205 1.490678 1.638055 3.515222 7.116183 1.254728 51.3084 -1.454925
Car 0 1 1.711057 606 186 633 203 1.382725 1.677222 4.342848 -0.08950233 1.326713 62.58846 1.709627
Car 0 2 -1.59898 706 183 730 203 1.499206 1.6414 4.137382 7.568541 1.219465 56.51709 -1.465856
Car 0 0 1.698976 631 184 650 198 1.453445 1.603852 3.198821 2.138468 1.204912 78.25886 1.726295
Car 0 3 -1.573013 707 183 728 201 1.507654 1.661433 3.500855 8.172535 1.182814 61.46415 -1.440824
Car 0 1 1.715511 636 184 656 197 1.493747 1.634919 3.68457 2.88093 1.167505 82.86833 1.750262
