Car 0.2578924 0 -2.093604 883 203 1241 374 1.38182 1.727404 3.973109 3.606337 1.55192 5.746309 -1.533143
Car 0 0 -1.85008 782 188 966 303 1.496754 1.620751 4.107733 3.778545 1.513686 11.51945 -1.533124
Car 0 0 1.839013 429 187 520 246 1.581004 1.67633 3.758134 -4.20832 1.59339 21.44377 1.645227
Car 0.9061624 3 -3.281984 1210 182 1241 278 1.488714 1.52631 4.377771 11.44875 1.383451 10.79195 -2.467063
Car 0 1 1.750547 478 185 547 233 1.611007 1.743869 4.063929 -3.886071 1.555727 26.69133 1.60597
Car 0 0 -1.616858 705 178 743 212 1.773543 1.77327 5.095459 5.68894 1.304892 40.25385 -1.476461
Car 0 1 1.759345 512 189 565 224 1.392182 1.549477 3.649398 -3.517319 1.519684 31.5393 1.648282
Car 0 1 1.732563 534 187 580 218 1.464744 1.62806 3.922484 -3.152654 1.484646 36.23446 1.645774
Car 0 0 0.4564016 141 193 282 238 1.503748 1.873824 4.231641 -14.74657 1.74865 26.32451 -0.05422657
Car 0 0 1.7119 607 184 633 202 1.465943 1.662682 3.757097 -0.07359505 1.268247 62.85136 1.710729
Car 0 3 -1.587537 709 184 738 207 1.40595 1.662349 3.86098 6.509062 1.253893 46.25482 -1.447734
Car 0 1 1.710171 617 184 641 200 1.428983 1.675727 3.763085 0.7624512 1.219293 68.4712 1.721305
Car 0 1 1.711762 624 184 647 199 1.382725 1.677222 4.342848 1.487236 1.173762 73.84991 1.731898
Car 0 3 -1.576046 708 182 727 199 1.499206 1.6414 4.137382 9.008287 1.07977 67.60944 -1.443586
Car 0 0 1.703177 645 183 662 195 1.453445 1.603852 3.198821 4.063597 1.03328 89.46668 1.748567
Car 0 1 1.720396 650 183 667 194 1.493747 1.634919 3.68457 4.908522 0.9904399 94.05842 1.772534
