Car 0.7360706 0 2.253548 0 220 194 374 1.426602 1.740349 3.627708 -5.051689 1.756498 5.47299 1.508158
Car 0 0 -1.710068 684 192 770 249 1.38182 1.727404 3.973109 2.845629 1.532929 20.09204 -1.569374
Car 0 0 -3.005993 957 170 1129 242 1.739288 1.579136 3.899857 10.99779 1.342644 18.94916 -2.480122
Car 0 1 -1.677507 672 187 731 233 1.496754 1.620751 4.107733 2.808612 1.519397 25.86774 -1.569355
Car 0 0 1.763579 481 189 531 223 1.581004 1.67633 3.758134 -5.531405 1.692965 35.49595 1.608991
Car 0 1 -2.894958 854 182 990 227 1.488714 1.52631 4.377771 10.49913 1.338317 25.41899 -2.503259
Car 0 1 1.701468 503 188 545 218 1.611007 1.743869 4.063929 -5.399464 1.676727 40.75185 1.569739
Car 0 1 -2.962705 911 179 1059 234 1.549682 1.800742 3.980218 11.06979 1.333061 22.10656 -2.49846
Car 0 0 -1.579874 657 182 683 207 1.773543 1.77327 5.095459 3.676813 1.427017 54.6531 -1.5127
Car 0 1 1.725707 520 191 555 214 1.392182 1.549477 3.649398 -5.206583 1.660037 45.6101 1.612045
Car 0 1 1.708827 532 189 564 211 1.464744 1.62806 3.922484 -5.012255 1.643695 50.3155 1.609538
Car 0 0 0.2951768 282 194 368 224 1.503748 1.873824 4.231641 -16.23813 1.935408 39.99125 -0.09052739
Car 0 0 1.712109 583 187 604 201 1.465943 1.662682 3.757097 -2.899614 1.527006 77.0271 1.674483
Car 0 3 -1.554377 661 186 683 204 1.40595 1.662349 3.86098 4.278948 1.397717 60.67999 -1.483977
Car 0 1 1.712481 591 187 611 200 1.428983 1.675727 3.763085 -2.267767 1.49795 82.67368 1.685057
Car 0 1 1.715383 597 187 616 199 1.382725 1.677222 4.342848 -1.738356 1.471932 88.07526 1.695648
Car 0 0 1.709709 615 186 630 197 1.453445 1.603852 3.198821 0.2703781 1.385175 103.7755 1.712314
Car 0 3 -1.529748 667 185 683 198 1.507654 1.661433 3.500855 6.537596 1.278379 87.06673 -1.454801
Car 0 3 -1.523669 671 184 686 197 1.50907 1.610535 3.512901 7.383745 1.24478 92.49897 -1.444013
Car 0 2 -1.555997 674 184 687 196 1.490741 1.678634 3.801369 8.097885 1.214068 98.02823 -1.473576
Car 0 1 1.727529 620 186 635 196 1.493747 1.634919 3.68457 0.9483337 1.357589 108.395 1.736278
Car 0 3 -1.528762 678 184 691 195 1.492202 1.606235 3.54776 9.07617 1.177438 103.4206 -1.441226
Car 0.5583563 0 -2.229646 902 212 1241 374 1.337052 1.655838 3.804953 3.400754 1.558409 4.606616 -1.593719
