Car 0.7693888 0 1.814521 0 217 73 359 1.312963 1.610742 4.509785 -7.935875 1.7753 8.624845 1.070702
Car 0.2205421 1 1.73008 0 204 112 303 1.426602 1.740349 3.627708 -10.22863 1.785164 12.73855 1.053533
Car 0 0 1.259206 1012 166 1174 253 1.516165 1.552475 3.912388 9.221107 1.113935 14.47371 1.826455
Car 0 0 1.485495 897 166 1008 246 1.615665 1.839667 4.097933 7.392258 1.142342 16.47457 1.907273
Car 0 0 -1.709141 355 189 416 227 1.38182 1.727404 3.973109 -9.55652 1.496662 29.33973 -2.024024
Car 0 1 -2.880309 535 174 626 216 1.739288 1.579136 3.899857 -1.733717 1.196947 31.892 -2.934618
Car 0 1 -1.686123 342 187 391 221 1.496754 1.620751 4.107733 -12.12615 1.4987 34.51247 -2.024005
Car 0 0 1.697409 158 190 206 222 1.581004 1.67633 3.758134 -23.84398 1.806313 39.50109 1.154326
Car 0 2 -2.824562 479 180 566 212 1.488714 1.52631 4.377771 -5.022751 1.216031 37.48568 -2.957759
Car 0 2 1.646579 173 189 214 218 1.611007 1.743869 4.063929 -26.03361 1.80208 44.28101 1.11509
Car 0 2 -2.865279 512 178 600 213 1.549682 1.800742 3.980218 -3.055628 1.194672 34.76028 -2.95296
Car 0 0 -1.591336 322 183 348 205 1.773543 1.77327 5.095459 -23.98754 1.470169 60.75491 -1.967373
Car 0 2 1.67881 186 192 221 215 1.392182 1.549477 3.649398 -27.9939 1.795562 48.73044 1.157379
Car 0 1 1.667964 195 191 228 212 1.464744 1.62806 3.922484 -29.88575 1.788972 53.04316 1.154873
Car 0.9253823 3 0.1942948 0 198 11 226 1.503748 1.873824 4.231641 -35.43307 2.200297 38.83916 -0.5452759
Car 0 0 1.690947 240 189 263 203 1.465943 1.662682 3.757097 -39.7189 1.714466 77.96886 1.219791
Car 0 3 -1.5644 325 187 346 203 1.40595 1.662349 3.86098 -26.0935 1.448748 66.43394 -1.938662
Car 0 1 1.693736 247 189 269 202 1.428983 1.675727 3.763085 -41.63118 1.691909 83.31924 1.230362
Car 0 1 1.698474 253 189 274 201 1.382725 1.677222 4.342848 -43.52785 1.673087 88.40454 1.240948
Car 0 0 1.697163 272 187 288 198 1.453445 1.603852 3.198821 -48.61869 1.601109 103.3918 1.257608
Car 0 3 -1.529662 333 185 348 197 1.50907 1.610535 3.512901 -37.27857 1.33838 96.38378 -1.898714
Car 0 2 -1.561404 335 185 349 196 1.490741 1.678634 3.801369 -39.06542 1.312785 101.6649 -1.928265
Car 0 1 1.716004 276 187 293 198 1.493747 1.634919 3.68457 -50.0385 1.576737 107.8397 1.281562
Car 0 2 -1.53345 339 185 352 196 1.492202 1.606235 3.54776 -40.55492 1.277466 106.9389 -1.895928
Car 0 0 -2.19116 595 139 948 352 1.945312 1.892187 4.609375 1.513698 1.457812 8.930063 -2.02325
Car 0 0 -1.905283 454 192 587 266 1.337052 1.655838 3.804953 -2.25759 1.474447 15.67107 -2.048359
