Car 0.6197271 0 1.986037 0 226 154 374 1.312963 1.610742 4.509785 -6.223794 1.822712 7.125671 1.268095
Car 0 1 1.834495 20 209 227 326 1.426602 1.740349 3.627708 -7.665262 1.836755 11.60912 1.250927
Car 0 0 -1.692299 494 190 554 231 1.38182 1.727404 3.973109 -3.751243 1.542042 27.75619 -1.826635
Car 0 1 -2.889865 680 172 783 219 1.739288 1.579136 3.899857 4.419458 1.223424 28.72484 -2.737207
Car 0 1 -1.670203 484 188 530 223 1.496754 1.620751 4.107733 -5.25655 1.548606 33.33241 -1.826616
Car 0 0 1.7228 315 192 360 222 1.581004 1.67633 3.758134 -15.76778 1.882067 40.52209 1.351712
Car 0 2 -2.825994 622 180 715 214 1.488714 1.52631 4.377771 2.291314 1.248589 34.8549 -2.76035
Car 0 1 1.668617 331 191 369 218 1.611007 1.743869 4.063929 -16.97751 1.881588 45.6386 1.31248
Car 0 2 -2.87095 656 178 752 216 1.549682 1.800742 3.980218 3.685709 1.223419 31.79665 -2.755549
Car 0 0 -1.581017 470 184 494 206 1.773543 1.77327 5.095459 -11.74128 1.540307 61.39141 -1.769988
Car 0 2 1.698355 345 193 377 215 1.392182 1.549477 3.649398 -18.02717 1.878381 50.38605 1.354765
Car 0 1 1.685551 354 192 384 213 1.464744 1.62806 3.922484 -19.03654 1.874983 54.98604 1.352259
Car 0 2 0.2262131 105 199 195 229 1.503748 1.873824 4.231641 -27.26069 2.303183 42.14566 -0.3479239
Car 0 0 1.701667 398 189 419 203 1.465943 1.662682 3.757097 -23.79076 1.816362 81.35611 1.417172
Car 0 3 -1.555068 474 188 494 204 1.40595 1.662349 3.86098 -12.69268 1.522192 67.37316 -1.74128
Car 0 1 1.703551 406 189 425 202 1.428983 1.675727 3.763085 -24.61668 1.796752 86.97762 1.427742
Car 0 1 1.707567 411 189 430 201 1.382725 1.677222 4.342848 -25.47928 1.780917 92.33614 1.438327
Car 0 0 1.704529 429 188 443 198 1.453445 1.603852 3.198821 -27.53229 1.716579 108.0308 1.454985
Car 0 3 -1.529891 479 186 495 198 1.507654 1.661433 3.500855 -17.22311 1.457595 93.4662 -1.712118
Car 0 3 -1.523447 483 186 497 197 1.50907 1.610535 3.512901 -17.78736 1.429446 98.93494 -1.701335
Car 0 2 -1.555571 486 186 499 197 1.490741 1.678634 3.801369 -18.50389 1.406527 104.4639 -1.730884
Car 0 1 1.722952 433 188 448 198 1.493747 1.634919 3.68457 -28.05232 1.694263 112.6707 1.478937
Car 0 3 -1.528016 490 186 502 196 1.492202 1.606235 3.54776 -18.93026 1.373195 109.9277 -1.69855
Car 0.214502 0 -2.333767 771 99 1241 374 1.945312 1.892187 4.609375 3.101377 1.483167 5.571876 -1.825861
Car 0 0 -1.907043 589 195 751 288 1.337052 1.655838 3.804953 0.7253385 1.506683 12.92156 -1.850968
