Car 0.813223 0 2.12936 0 237 145 374 1.312963 1.610742 4.509785 -5.565246 1.853625 5.682405 1.354378
Car 0 1 1.909283 5 215 255 351 1.426602 1.740349 3.627708 -6.614963 1.892986 10.27325 1.337207
Car 0 0 -1.689547 554 195 617 239 1.38182 1.727404 3.973109 -1.323107 1.707328 26.02432 -1.740345
Car 0 1 -2.90786 754 176 868 227 1.739288 1.579136 3.899857 6.901446 1.410831 26.28695 -2.651111
Car 0 1 -1.666594 544 192 592 230 1.496754 1.620751 4.107733 -2.342223 1.745944 31.7094 -1.740326
Car 0 0 1.73551 375 196 420 227 1.581004 1.67633 3.758134 -12.19548 2.103906 39.77623 1.438007
Car 0 1 -2.835818 689 185 789 221 1.488714 1.52631 4.377771 5.3095 1.470302 32.57738 -2.674257
Car 0 1 1.679306 392 195 430 223 1.611007 1.743869 4.063929 -12.95973 2.133172 44.97789 1.398769
Car 0 2 -2.884867 727 182 831 224 1.549682 1.800742 3.980218 6.435182 1.42867 29.41053 -2.669456
Car 0 0 -1.578071 532 188 556 211 1.773543 1.77327 5.095459 -6.384439 1.901067 60.22247 -1.683691
Car 0 1 1.707593 406 197 438 219 1.392182 1.549477 3.649398 -13.5963 2.157709 49.79808 1.441061
Car 0 1 1.693675 416 196 446 217 1.464744 1.62806 3.922484 -14.20543 2.181208 54.4679 1.438554
Car 0 1 0.2445856 174 203 260 232 1.503748 1.873824 4.231641 -23.50671 2.512651 42.38187 -0.2618135
Car 0 0 1.706068 461 194 482 208 1.465943 1.662682 3.757097 -16.66903 2.278804 81.14951 1.503475
Car 0 3 -1.552467 536 192 556 208 1.40595 1.662349 3.86098 -6.816708 1.918638 66.26397 -1.654979
Car 0 3 -1.609776 538 190 556 207 1.590111 1.587046 3.339513 -7.338715 1.939317 71.91972 -1.711465
Car 0 1 1.707485 469 194 488 206 1.428983 1.675727 3.763085 -17.00732 2.292864 86.82129 1.514046
Car 0 3 -1.540187 540 191 556 204 1.490678 1.638055 3.515222 -8.251646 1.975702 82.47334 -1.639907
Car 0 1 1.711142 474 194 493 205 1.382725 1.677222 4.342848 -17.40484 2.308976 92.23422 1.524632
Car 0 0 1.707246 492 192 506 203 1.453445 1.603852 3.198821 -18.09735 2.339139 108.0475 1.541292
Car 0 3 -1.52811 542 190 557 203 1.507654 1.661433 3.500855 -9.081207 2.008957 92.65033 -1.625813
Car 0 3 -1.52185 546 190 560 202 1.50907 1.610535 3.512901 -9.17194 2.014033 98.14742 -1.61503
Car 0 2 -1.55411 548 190 561 201 1.490741 1.678634 3.801369 -9.409222 2.024418 103.7176 -1.644582
Car 0 1 1.725467 496 192 511 202 1.493747 1.634919 3.68457 -18.21548 2.34493 112.715 1.565246
Car 0 3 -1.526709 552 190 565 200 1.492202 1.606235 3.54776 -9.36301 2.02455 109.1979 -1.612244
Car 0.8067278 0 -2.562423 921 103 1241 374 1.945312 1.892187 4.609375 3.592126 1.522634 3.332645 -1.739571
Car 0 0 -1.934165 657 201 859 317 1.337052 1.655838 3.804953 1.85833 1.587626 10.85951 -1.764682
