Car 0.544754 0 2.191519 0 217 222 374 1.426602 1.740349 3.627708 -5.128421 1.757263 6.145976 1.496131
Car 0 0 -1.705048 673 191 755 246 1.38182 1.727404 3.973109 2.592347 1.524782 20.85889 -1.581402
Car 0 1 -2.989531 934 171 1097 239 1.739288 1.579136 3.899857 10.75752 1.328632 19.8141 -2.492137
Car 0 1 -1.674448 661 187 719 232 1.496754 1.620751 4.107733 2.485863 1.510092 26.63373 -1.581383
Car 0 0 1.76056 475 189 524 223 1.581004 1.67633 3.758134 -5.969211 1.687922 36.16099 1.596962
Car 0 1 -2.884912 838 181 968 225 1.488714 1.52631 4.377771 10.18108 1.32335 26.27745 -2.515275
Car 0 1 1.699221 496 188 537 218 1.611007 1.743869 4.063929 -5.900499 1.670505 41.41808 1.557711
Car 0 1 -2.949645 891 179 1033 231 1.549682 1.800742 3.980218 10.79154 1.318347 22.97213 -2.510476
Car 0 0 -1.578941 647 182 673 206 1.773543 1.77327 5.095459 3.007753 1.411149 55.42742 -1.524729
Car 0 1 1.723973 513 190 547 214 1.392182 1.549477 3.649398 -5.766071 1.652673 46.27831 1.600016
Car 0 1 1.707455 524 189 556 211 1.464744 1.62806 3.922484 -5.628356 1.635219 50.98569 1.597509
Car 0 0 0.2889286 278 194 363 223 1.503748 1.873824 4.231641 -16.72904 1.937452 40.52725 -0.1025505
Car 0 0 1.711784 574 187 595 201 1.465943 1.662682 3.757097 -3.837198 1.511462 77.72074 1.662453
Car 0 3 -1.553498 651 186 673 204 1.40595 1.662349 3.86098 3.537344 1.38016 61.46111 -1.496007
Car 0 1 1.712268 582 187 602 200 1.428983 1.675727 3.763085 -3.273321 1.480773 83.3745 1.673027
Car 0 1 1.715246 588 187 607 199 1.382725 1.677222 4.342848 -2.808931 1.45325 88.78206 1.683618
Car 0 0 1.709749 607 186 621 196 1.453445 1.603852 3.198821 -0.9892273 1.361765 104.5053 1.700284
Car 0 3 -1.523018 662 184 677 196 1.50907 1.610535 3.512901 6.259142 1.218364 93.3151 -1.456043
Car 0 2 -1.555362 665 184 678 196 1.490741 1.678634 3.801369 6.90671 1.185982 98.85254 -1.485606
Car 0 1 1.727609 611 185 626 196 1.493747 1.634919 3.68457 -0.36689 1.332722 109.1326 1.724247
Car 0 3 -1.528124 669 184 682 195 1.492202 1.606235 3.54776 7.820042 1.147513 104.2562 -1.453256
Car 0.296489 0 -2.160379 863 208 1241 374 1.337052 1.655838 3.804953 3.33368 1.553028 5.381271 -1.605747
