Car 0.9472442 0 2.333652 0 224 151 374 1.426602 1.740349 3.627708 -4.994365 1.757081 4.701398 1.518046
Car 0 0 -1.716548 695 192 785 252 1.38182 1.727404 3.973109 3.047295 1.549008 19.24178 -1.559484
Car 0 0 -3.025906 981 171 1164 247 1.739288 1.579136 3.899857 11.18791 1.364592 18.01847 -2.470251
Car 0 1 -1.681466 681 188 743 236 1.496754 1.620751 4.107733 3.0674 1.53905 25.01757 -1.559465
Car 0 0 1.76687 486 189 537 225 1.581004 1.67633 3.758134 -5.177149 1.711891 34.72767 1.618881
Car 0 1 -2.907086 869 182 1012 229 1.488714 1.52631 4.377771 10.75325 1.363899 24.4929 -2.493388
Car 0 1 1.703873 508 188 551 219 1.611007 1.743869 4.063929 -4.993232 1.699039 39.98201 1.579629
Car 0 1 -2.978466 930 179 1087 237 1.549682 1.800742 3.980218 11.29114 1.357037 21.175 -2.488589
Car 0 0 -1.581102 665 182 691 208 1.773543 1.77327 5.095459 4.220251 1.465329 53.79298 -1.502809
Car 0 1 1.72753 526 191 561 215 1.392182 1.549477 3.649398 -4.752311 1.685536 44.83813 1.621936
Car 0 1 1.710242 538 190 570 212 1.464744 1.62806 3.922484 -4.511452 1.672286 49.54138 1.619429
Car 0 0 0.302213 284 194 371 224 1.503748 1.873824 4.231641 -15.8391 1.948494 39.32847 -0.08065215
Car 0 0 1.71237 590 188 611 202 1.465943 1.662682 3.757097 -2.134708 1.573967 76.23086 1.684374
Car 0 3 -1.555525 669 187 691 205 1.40595 1.662349 3.86098 4.881973 1.440275 59.81364 -1.474086
Car 0 3 -1.545384 671 186 690 201 1.47251 1.60254 3.698168 5.841528 1.400546 70.60984 -1.462842
Car 0 1 1.712622 598 188 618 201 1.428983 1.675727 3.763085 -1.447035 1.548944 81.87093 1.694949
Car 0 1 1.715443 604 188 623 200 1.382725 1.677222 4.342848 -0.8642197 1.526723 87.26702 1.70554
Car 0 0 1.709582 623 187 637 197 1.453445 1.603852 3.198821 1.299723 1.451382 102.9467 1.722206
Car 0 3 -1.5245 679 185 694 197 1.50907 1.610535 3.512901 8.301361 1.309696 91.60046 -1.434121
Car 0 2 -1.556804 682 185 695 196 1.490741 1.678634 3.801369 9.07016 1.283009 97.1224 -1.463685
Car 0 1 1.727361 627 186 642 196 1.493747 1.634919 3.68457 2.023342 1.427226 107.5593 1.74617
Car 0 3 -1.529566 686 185 699 196 1.492202 1.606235 3.54776 10.10174 1.250534 102.5048 -1.431334
Car 0.7629198 0 -2.327264 954 217 1241 374 1.337052 1.655838 3.804953 3.449257 1.565276 3.751609 -1.583829
