Car 0.9859869 1 2.336862 0 248 91 374 1.312963 1.610742 4.509785 -5.090642 1.835055 4.02398 1.434966
Car 0.04695582 0 2.004019 0 217 267 374 1.426602 1.740349 3.627708 -5.767397 1.860319 8.684526 1.417796
Car 0 0 -1.692104 612 193 681 241 1.38182 1.727404 3.973109 0.7751989 1.627847 23.95786 -1.659758
Car 0 1 -2.935173 832 173 963 229 1.739288 1.579136 3.899857 8.994182 1.331988 23.55668 -2.570446
Car 0 1 -1.667044 602 190 653 230 1.496754 1.620751 4.107733 0.2170296 1.649056 29.70662 -1.659739
Car 0 0 1.746886 428 194 474 226 1.581004 1.67633 3.758134 -8.954859 1.980853 38.54148 1.518593
Car 0 1 -2.851876 757 182 868 221 1.488714 1.52631 4.377771 7.913771 1.372118 29.955 -2.593589
Car 0 1 1.688588 446 193 485 222 1.611007 1.743869 4.063929 -9.297905 1.994222 43.78784 1.479356
Car 0 2 -2.906433 800 180 918 225 1.549682 1.800742 3.980218 8.780871 1.340279 26.7077 -2.588789
Car 0 0 -1.577161 590 186 614 209 1.773543 1.77327 5.095459 -1.516819 1.717062 58.45289 -1.603105
Car 0 1 1.715395 462 195 494 218 1.392182 1.549477 3.649398 -9.544393 2.00404 48.64369 1.521646
Car 0 1 1.700374 472 194 502 215 1.464744 1.62806 3.922484 -9.775641 2.01328 53.34743 1.51914
Car 0 0 0.2632095 232 201 316 230 1.503748 1.873824 4.231641 -20.01961 2.379731 42.05043 -0.1811243
Car 0 0 1.709224 519 191 540 206 1.465943 1.662682 3.757097 -10.08342 2.029585 80.14094 1.58406
Car 0 3 -1.551744 594 190 614 207 1.40595 1.662349 3.86098 -1.461357 1.716248 64.50961 -1.574393
Car 0 3 -1.609135 596 188 615 205 1.590111 1.587046 3.339513 -1.526392 1.719696 70.18906 -1.630878
Car 0 1 1.710215 527 191 546 204 1.428983 1.675727 3.763085 -9.964052 2.026397 85.82157 1.594631
Car 0 3 -1.539682 598 189 615 203 1.490678 1.638055 3.515222 -1.586815 1.723938 80.78198 -1.559322
Car 0 1 1.713555 532 191 551 203 1.382725 1.677222 4.342848 -9.924549 2.026035 91.24895 1.605217
Car 0 0 1.708909 550 190 565 201 1.453445 1.603852 3.198821 -9.341881 2.008152 107.0667 1.621877
Car 0 3 -1.521568 604 188 618 200 1.50907 1.610535 3.512901 -1.24239 1.714606 96.47932 -1.534445
Car 0 2 -1.553899 607 188 620 199 1.490741 1.678634 3.801369 -1.03051 1.708068 102.0506 -1.563996
Car 0 1 1.726956 554 190 569 200 1.493747 1.634919 3.68457 -9.083904 1.999778 111.7286 1.645831
Car 0 3 -1.526605 611 188 623 198 1.492202 1.606235 3.54776 -0.5432968 1.691599 107.5093 -1.531659
Car 0 0 -1.991481 736 202 1018 357 1.337052 1.655838 3.804953 2.725569 1.554658 8.585875 -1.684094
