Car 0.3762178 0 -2.165105 910 193 1241 374 1.496754 1.620751 4.107733 3.636839 1.557473 5.106857 -1.546272
Car 0 0 1.923626 320 192 468 282 1.581004 1.67633 3.758134 -4.479063 1.711579 14.92505 1.632074
Car 0 1 1.799281 415 189 513 255 1.611007 1.743869 4.063929 -4.225844 1.692812 20.17649 1.592822
Car 0 0 -1.64109 709 180 757 221 1.773543 1.77327 5.095459 5.169214 1.451492 33.86446 -1.489615
Car 0 1 1.79052 470 194 539 239 1.392182 1.549477 3.649398 -3.920878 1.673907 25.02899 1.635129
Car 0 1 1.753727 501 191 560 230 1.464744 1.62806 3.922484 -3.617991 1.655432 29.72864 1.632622
Car 0.09724391 1 0.586715 0 201 162 263 1.503748 1.873824 4.231641 -15.07961 1.933164 19.66634 -0.0674343
Car 0 0 1.713341 595 187 623 207 1.465943 1.662682 3.757097 -0.8893261 1.52838 56.38432 1.697569
Car 0 3 -1.608038 712 187 746 214 1.40595 1.662349 3.86098 5.910314 1.42007 39.87583 -1.460891
Car 0 3 -1.658979 709 184 740 210 1.590111 1.587046 3.339513 6.488921 1.393134 45.52604 -1.5174
Car 0 3 -1.587195 709 185 734 207 1.47251 1.60254 3.698168 7.012226 1.368717 50.65838 -1.449647
Car 0 1 1.710197 606 187 632 205 1.428983 1.675727 3.763085 -0.1272945 1.497454 62.01478 1.708144
Car 0 3 -1.581069 708 185 731 205 1.490678 1.638055 3.515222 7.628599 1.34158 56.05753 -1.445814
Car 0 1 1.710922 614 187 639 203 1.382725 1.677222 4.342848 0.5266647 1.469517 67.40269 1.718736
Car 0 2 -1.588657 707 184 728 203 1.499206 1.6414 4.137382 8.128416 1.317499 61.26195 -1.456744
Car 0 0 1.700531 637 186 655 199 1.453445 1.603852 3.198821 2.897306 1.377994 83.05238 1.735402
Car 0 3 -1.563529 707 184 727 201 1.507654 1.661433 3.500855 8.777462 1.290792 66.20336 -1.431714
Car 0 1 1.717389 642 185 660 198 1.493747 1.634919 3.68457 3.681726 1.349156 87.65495 1.759367
