Car 0 0 -1.824718 770 197 948 302 1.38182 1.727404 3.973109 3.663236 1.569474 11.80501 -1.523828
Car 0 1 -1.741575 736 190 836 260 1.496754 1.620751 4.107733 3.889229 1.568551 17.57642 -1.523808
Car 0 0 1.798722 479 191 547 237 1.581004 1.67633 3.758134 -4.003569 1.771781 27.57397 1.654536
Car 0 1 -3.060668 1012 181 1238 252 1.488714 1.52631 4.377771 11.55116 1.378464 16.77838 -2.457732
Car 0 1 1.725521 512 190 566 228 1.611007 1.743869 4.063929 -3.632463 1.766845 32.81842 1.615286
Car 0.5874354 0 -3.180434 1137 178 1241 264 1.549682 1.800742 3.980218 11.9704 1.365403 13.44343 -2.452933
Car 0 0 -1.597473 701 183 732 212 1.773543 1.77327 5.095459 6.067125 1.537912 46.29253 -1.467155
Car 0 1 1.742841 536 193 579 222 1.392182 1.549477 3.649398 -3.218588 1.760527 37.66289 1.65759
Car 0 1 1.721336 552 191 591 218 1.464744 1.62806 3.922484 -2.810225 1.754222 42.35458 1.655083
Car 0 0 0.3738803 242 198 350 234 1.503748 1.873824 4.231641 -14.49427 2.035187 32.55153 -0.04503455
Car 0 0 1.712536 614 189 638 205 1.465943 1.662682 3.757097 0.5163689 1.693462 68.94249 1.720025
Car 0 3 -1.570451 704 188 730 209 1.40595 1.662349 3.86098 6.94303 1.5211 52.2858 -1.438434
Car 0 1 1.711761 623 189 645 203 1.428983 1.675727 3.763085 1.404642 1.676035 74.55448 1.7306
Car 0 1 1.713929 630 189 651 202 1.382725 1.677222 4.342848 2.179426 1.66122 79.92641 1.74119
Car 0 0 1.706593 650 188 666 199 1.453445 1.603852 3.198821 4.900871 1.606535 95.51908 1.757855
Car 0 1 1.724058 655 187 671 198 1.493747 1.634919 3.68457 5.788439 1.588295 100.1029 1.781818
Car 0 2 -1.539065 718 186 732 197 1.492202 1.606235 3.54776 13.68117 1.388832 94.76401 -1.395684
