Car 0.9972817 1 2.433056 0 252 50 374 1.312963 1.610742 4.509785 -4.983796 1.80965 3.391884 1.459834
Car 0.1173751 0 2.044765 0 216 264 374 1.426602 1.740349 3.627708 -5.544462 1.822957 8.067867 1.442663
Car 0 0 -1.694232 630 192 702 241 1.38182 1.727404 3.973109 1.376878 1.581443 23.1732 -1.634885
Car 0 1 -2.947187 860 172 998 231 1.739288 1.579136 3.899857 9.584291 1.314692 22.56707 -2.545569
Car 0 1 -1.668096 620 189 673 230 1.496754 1.620751 4.107733 0.9618511 1.588855 28.9341 -1.634866
Car 0 0 1.750701 444 192 490 225 1.581004 1.67633 3.758134 -7.988448 1.870842 37.99506 1.54347
Car 0 1 -2.859096 780 182 896 221 1.488714 1.52631 4.377771 8.663284 1.337886 28.99035 -2.56871
Car 0 1 1.691627 462 191 502 220 1.611007 1.743869 4.063929 -8.200895 1.872192 43.24835 1.504229
Car 0 2 -2.915967 826 179 949 225 1.549682 1.800742 3.980218 9.449421 1.31574 25.72243 -2.56391
Car 0 0 -1.577248 608 184 633 208 1.773543 1.77327 5.095459 -0.05643654 1.591506 57.71468 -1.578225
Car 0 1 1.717903 478 193 511 216 1.392182 1.549477 3.649398 -8.326518 1.87113 48.10884 1.546524
Car 0 1 1.702488 489 192 520 214 1.464744 1.62806 3.922484 -8.440689 1.869856 52.81688 1.544018
Car 0 0 0.2699436 248 198 332 227 1.503748 1.873824 4.231641 -18.96375 2.224399 41.77899 -0.1561541
Car 0 0 1.710116 537 190 557 204 1.465943 1.662682 3.757097 -8.08177 1.829747 79.60973 1.608945
Car 0 3 -1.551858 612 188 633 205 1.40595 1.662349 3.86098 0.1497097 1.57837 63.76813 -1.54951
Car 0 3 -1.609256 614 186 633 204 1.590111 1.587046 3.339513 0.2259998 1.569862 69.44743 -1.606002
Car 0 1 1.710966 544 190 564 203 1.428983 1.675727 3.763085 -7.821087 1.815234 85.28561 1.619517
Car 0 3 -1.539799 616 187 633 201 1.490678 1.638055 3.515222 0.429142 1.552011 80.03857 -1.534438
Car 0 1 1.714203 550 190 569 202 1.382725 1.677222 4.342848 -7.646557 1.803795 90.71032 1.630105
Car 0 0 1.709313 568 189 583 199 1.453445 1.603852 3.198821 -6.670448 1.755239 106.5086 1.646766
Car 0 3 -1.521717 622 187 637 198 1.50907 1.610535 3.512901 1.164059 1.511433 95.72243 -1.509557
Car 0 3 -1.554064 625 187 638 198 1.490741 1.678634 3.801369 1.514511 1.494115 101.2866 -1.539112
Car 0 1 1.727306 572 188 587 198 1.493747 1.634919 3.68457 -6.296524 1.73812 111.1626 1.670724
Car 0 3 -1.526794 629 186 642 197 1.492202 1.606235 3.54776 2.137444 1.468045 106.7315 -1.506771
Car 0.002004087 0 -2.02199 766 203 1095 374 1.337052 1.655838 3.804953 2.944407 1.546723 7.757334 -1.659224
