Car 0 0 -1.846694 780 200 979 315 1.38182 1.727404 3.973109 3.670855 1.602464 10.97002 -1.52378
Car 0 1 -1.752472 742 192 849 266 1.496754 1.620751 4.107733 3.89712 1.619303 16.74139 -1.523761
Car 0 0 1.802903 475 194 545 241 1.581004 1.67633 3.758134 -3.995214 1.853127 26.73864 1.654583
Car 0.1018991 0 -3.08504 1032 183 1241 257 1.488714 1.52631 4.377771 11.55902 1.426923 15.94358 -2.457735
Car 0 1 1.728157 509 192 565 232 1.611007 1.743869 4.063929 -3.623862 1.864334 31.98307 1.615333
Car 0.7376724 1 -3.212693 1170 181 1241 270 1.549682 1.800742 3.980218 11.9781 1.40361 12.60867 -2.452935
Car 0 0 -1.599993 702 185 735 215 1.773543 1.77327 5.095459 6.076363 1.677063 45.45735 -1.467108
Car 0 1 1.744574 535 196 578 225 1.392182 1.549477 3.649398 -3.209759 1.872931 36.82751 1.657637
Car 0 1 1.722495 551 194 591 221 1.464744 1.62806 3.922484 -2.801176 1.88107 41.51918 1.65513
Car 0 0 0.383376 232 200 344 238 1.503748 1.873824 4.231641 -14.48569 2.131627 31.71587 -0.04506307
Car 0 0 1.712339 614 191 638 207 1.465943 1.662682 3.757097 0.5266685 1.902184 68.10699 1.720072
Car 0 3 -1.572704 706 190 732 211 1.40595 1.662349 3.86098 6.95255 1.678709 51.45061 -1.438387
Car 0 1 1.711451 623 191 646 206 1.428983 1.675727 3.763085 1.415205 1.902043 73.71897 1.730646
Car 0 1 1.713551 630 191 651 205 1.382725 1.677222 4.342848 2.190243 1.903773 79.09088 1.741236
Car 0 0 1.706065 650 190 666 201 1.453445 1.603852 3.198821 4.912422 1.89712 94.68352 1.757901
Car 0 1 1.7235 655 189 671 201 1.493747 1.634919 3.68457 5.800205 1.893002 99.26735 1.781863
Car 0 3 -1.540396 719 188 733 200 1.492202 1.606235 3.54776 13.69269 1.677279 93.92871 -1.395638
