Car 0.9463995 1 -2.40188 1019 214 1241 374 1.38182 1.727404 3.973109 3.577404 1.561481 3.057402 -1.538267
Car 0 0 -1.93692 817 189 1095 350 1.496754 1.620751 4.107733 3.720035 1.530988 8.831392 -1.538248
Car 0 0 1.866812 393 189 503 258 1.581004 1.67633 3.758134 -4.31705 1.650826 18.71468 1.6401
Car 0 1 1.76712 456 187 535 241 1.611007 1.743869 4.063929 -4.021698 1.619662 23.96386 1.600846
Car 0 0 -1.626489 707 179 749 215 1.773543 1.77327 5.095459 5.483139 1.357307 37.57544 -1.481588
Car 0 1 1.77011 497 191 555 230 1.392182 1.549477 3.649398 -3.6778 1.589393 28.81371 1.643155
Car 0 1 1.739907 522 188 572 223 1.464744 1.62806 3.922484 -3.337206 1.559922 33.51071 1.640648
Car 0 0 0.5042976 77 196 240 248 1.503748 1.873824 4.231641 -14.8795 1.847236 23.54133 -0.05936139
Car 0 0 1.71216 602 185 629 204 1.465943 1.662682 3.757097 -0.3946819 1.371808 60.14326 1.705598
Car 0 3 -1.59581 710 185 741 210 1.40595 1.662349 3.86098 6.272468 1.312277 43.58059 -1.452863
Car 0 3 -1.648566 709 182 737 206 1.590111 1.587046 3.339513 6.896405 1.272398 49.22589 -1.509374
Car 0 1 1.709902 613 185 637 202 1.428983 1.675727 3.763085 0.4125214 1.328223 65.76736 1.716174
Car 0 3 -1.572872 709 183 730 202 1.490678 1.638055 3.515222 8.120577 1.196798 59.74775 -1.437785
Car 0 1 1.71117 620 186 644 200 1.382725 1.677222 4.342848 1.109705 1.288077 71.14977 1.726766
Car 0 3 -1.581304 708 183 728 200 1.499206 1.6414 4.137382 8.662149 1.160753 64.94792 -1.448716
Car 0 0 1.701905 642 184 660 197 1.453445 1.603852 3.198821 3.6059 1.161696 86.77967 1.743433
Car 0 1 1.718986 647 184 665 196 1.493747 1.634919 3.68457 4.427248 1.122719 91.37571 1.767399
