Car 0 0 -1.938403 819 201 1121 364 1.38182 1.727404 3.973109 3.648156 1.577621 8.368624 -1.527309
Car 0 0 -1.793375 759 191 895 281 1.496754 1.620751 4.107733 3.854051 1.574418 14.14079 -1.52729
Car 0 0 1.81846 456 191 535 243 1.581004 1.67633 3.758134 -4.074333 1.737248 24.11088 1.651058
Car 0.5117666 0 -3.172467 1106 184 1241 267 1.488714 1.52631 4.377771 11.51948 1.418496 13.36935 -2.461258
Car 0 1 1.737899 496 190 557 233 1.611007 1.743869 4.063929 -3.721475 1.730968 29.35659 1.611804
Car 0 0 -1.608149 704 183 740 214 1.773543 1.77327 5.095459 5.932045 1.537069 42.86429 -1.470631
Car 0 1 1.751007 525 193 573 225 1.392182 1.549477 3.649398 -3.324449 1.723723 34.20247 1.654113
Car 0 1 1.726855 544 191 586 220 1.464744 1.62806 3.922484 -2.932403 1.716553 38.89554 1.651606
Car 0 0 0.416725 192 197 317 238 1.503748 1.873824 4.231641 -14.58336 1.951671 29.052 -0.04850102
Car 0 0 1.711946 612 189 636 206 1.465943 1.662682 3.757097 0.3018169 1.655344 65.49484 1.716554
Car 0 3 -1.579932 708 188 735 210 1.40595 1.662349 3.86098 6.787142 1.52071 48.86057 -1.441907
Car 0 1 1.710669 621 189 644 204 1.428983 1.675727 3.763085 1.170609 1.638642 71.1099 1.72713
Car 0 1 1.712535 628 189 650 203 1.382725 1.677222 4.342848 1.926739 1.624189 76.48448 1.737721
Car 0 0 1.70454 649 187 665 199 1.453445 1.603852 3.198821 4.594082 1.572631 92.08651 1.754388
Car 0 1 1.721875 653 187 670 199 1.493747 1.634919 3.68457 5.465752 1.555695 96.67342 1.778353
