Car 0 0 1.338702 724 186 816 248 1.516165 1.552475 3.912388 3.952764 1.494193 19.73329 1.536395
Car 0 0 1.540316 642 184 715 245 1.615665 1.839667 4.097933 1.627601 1.532126 21.12653 1.617204
Car 0 0 -1.74513 121 199 194 238 1.38182 1.727404 3.973109 -18.29655 1.875693 28.59709 -2.314305
Car 0 1 3.391345 322 186 414 226 1.739288 1.579136 3.899857 -11.52923 1.729042 33.28559 3.057905
Car 0 1 -1.718715 100 196 160 232 1.496754 1.620751 4.107733 -22.23905 1.932307 32.81772 -2.314286
Car 0 1 3.442409 260 192 353 223 1.488714 1.52631 4.377771 -16.28163 1.800064 37.70339 3.034764
Car 0 2 3.404366 297 190 387 224 1.549682 1.800742 3.980218 -13.61667 1.758458 35.65543 3.039563
Car 0 0 -1.611905 58 192 92 217 1.773543 1.77327 5.095459 -41.1142 2.19696 54.56669 -2.257621
Car 0 3 -1.583209 61 197 88 215 1.40595 1.662349 3.86098 -44.75716 2.245381 59.40543 -2.228894
Car 0.9984465 1 1.683647 0 197 1 209 1.453445 1.603852 3.198821 -76.91791 2.72988 88.36652 0.9674044
Car 0.7623513 0 1.703136 0 196 6 208 1.493747 1.634919 3.68457 -79.55104 2.763394 92.22206 0.9913709
Car 0 0 -2.163314 396 166 643 305 1.945312 1.892187 4.609375 -1.84823 1.634426 12.21111 -2.313531
Car 0 0 -1.940874 253 202 384 266 1.337052 1.655838 3.804953 -7.39104 1.716321 17.5902 -2.338654
