Car 0.6637404 0 1.846285 0 217 98 371 1.312963 1.610742 4.509785 -7.52349 1.77521 8.405205 1.116184
Car 0.05982673 1 1.750718 0 204 143 306 1.426602 1.740349 3.627708 -9.626833 1.77553 12.61891 1.099018
Car 0.003106892 0 1.2389 1072 160 1241 254 1.516165 1.552475 3.912388 9.879403 1.038054 13.4653 1.871883
Car 0 1 1.470212 946 160 1070 246 1.615665 1.839667 4.097933 8.143498 1.063994 15.54734 1.952708
Car 0 0 -1.704467 388 187 448 226 1.38182 1.727404 3.973109 -8.201719 1.418266 29.17112 -1.97855
Car 0 1 -2.88033 567 171 660 214 1.739288 1.579136 3.899857 -0.2719936 1.084454 31.36388 -2.889002
Car 0 1 -1.681838 376 185 423 219 1.496754 1.620751 4.107733 -10.53354 1.407348 34.45531 -1.978531
Car 0 0 1.703144 197 189 243 220 1.581004 1.67633 3.758134 -22.01144 1.730624 39.97274 1.199793
Car 0 2 -2.823342 512 178 599 210 1.488714 1.52631 4.377771 -3.303278 1.091083 37.10135 -2.912142
Car 0 2 1.651615 212 188 252 216 1.611007 1.743869 4.063929 -23.98153 1.713856 44.84722 1.160565
Car 0 2 -2.864726 545 176 633 211 1.549682 1.800742 3.980218 -1.462156 1.074681 34.28926 -2.907342
Car 0 0 -1.588637 357 181 382 203 1.773543 1.77327 5.095459 -21.18981 1.309507 61.20963 -1.921908
Car 0 2 1.683311 225 191 259 213 1.392182 1.549477 3.649398 -25.73755 1.695431 49.38111 1.202846
Car 0 1 1.672045 234 189 266 211 1.464744 1.62806 3.922484 -27.43141 1.677276 53.77534 1.200341
Car 0.4108577 1 0.2011639 0 197 58 227 1.503748 1.873824 4.231641 -33.61731 2.162587 39.83997 -0.4997247
Car 0 0 1.69352 278 187 301 201 1.465943 1.662682 3.757097 -36.12155 1.532571 79.12189 1.265249
Car 0 3 -1.56195 361 185 382 201 1.40595 1.662349 3.86098 -23.0355 1.271682 66.97842 -1.893202
Car 0 1 1.696108 286 187 307 200 1.428983 1.675727 3.763085 -37.7887 1.49434 84.55356 1.275818
Car 0 1 1.700682 291 187 312 199 1.382725 1.677222 4.342848 -39.45229 1.460862 89.71973 1.286403
Car 0 0 1.698979 310 186 325 196 1.453445 1.603852 3.198821 -43.85681 1.344171 104.9226 1.30306
Car 0 3 -1.528007 369 183 383 195 1.50907 1.610535 3.512901 -32.84788 1.075046 97.40521 -1.85326
Car 0 2 -1.55984 371 183 385 194 1.490741 1.678634 3.801369 -34.39289 1.033673 102.762 -1.882807
Car 0 1 1.717723 314 185 330 196 1.493747 1.634919 3.68457 -45.07304 1.306252 109.4303 1.327011
Car 0 3 -1.531986 375 183 388 194 1.492202 1.606235 3.54776 -35.64122 0.9816997 108.0981 -1.850474
Car 0 0 -2.206699 628 131 1021 367 1.945312 1.892187 4.609375 1.929115 1.427698 8.279212 -1.977777
Car 0 0 -1.902345 484 190 621 267 1.337052 1.655838 3.804953 -1.531777 1.428736 15.18473 -2.002881
