Car 0 0 1.92968 267 195 437 291 1.465943 1.662682 3.757097 -4.689954 1.636855 13.24044 1.589256
Car 0.9592289 1 -2.492522 1061 185 1241 374 1.590111 1.587046 3.339513 3.819706 1.565169 3.243472 -1.625721
Car 0 0 -1.981222 832 191 1122 356 1.47251 1.60254 3.698168 3.785118 1.530426 8.402246 -1.557961
Car 0 1 1.835387 389 192 494 255 1.428983 1.675727 3.763085 -4.541048 1.595525 18.92023 1.599832
Car 0 0 -1.823113 760 187 897 277 1.490678 1.638055 3.515222 3.814213 1.492751 13.83632 -1.554127
Car 0 1 1.792131 444 191 524 238 1.382725 1.677222 4.342848 -4.473369 1.557263 24.3472 1.610425
Car 0 1 -1.759206 721 185 815 249 1.499206 1.6414 4.137382 3.748478 1.458048 19.06422 -1.565059
Car 0 0 1.721637 532 186 571 214 1.453445 1.603852 3.198821 -3.808341 1.438065 40.16125 1.627093
Car 0 2 -1.69917 706 184 772 233 1.507654 1.661433 3.500855 3.859549 1.422113 24.04677 -1.540026
Car 0 2 -1.671847 701 184 751 223 1.50907 1.610535 3.512901 4.240253 1.378304 29.53125 -1.529236
Car 0 1 -1.685781 692 184 737 216 1.490741 1.678634 3.801369 4.481146 1.336211 35.10115 -1.558804
Car 0 1 1.729567 545 185 581 211 1.493747 1.634919 3.68457 -3.526041 1.401517 44.82159 1.651061
Car 0 3 -1.649038 693 183 728 211 1.492202 1.606235 3.54776 4.996922 1.290372 40.55711 -1.526449
Car 0 3 1.636283 482 184 508 203 1.60914 1.86729 3.690948 -10.87436 1.398998 62.86564 1.465
