Car 0 0 2.023017 127 198 384 334 1.465943 1.662682 3.757097 -4.744301 1.653824 10.0687 1.582679
Car 0.3350249 0 -2.183059 922 192 1241 374 1.47251 1.60254 3.698168 3.761796 1.525268 5.285801 -1.564538
Car 0 1 1.879344 332 193 467 271 1.428983 1.675727 3.763085 -4.632758 1.599144 15.74923 1.593255
Car 0 0 -1.897645 791 185 988 307 1.490678 1.638055 3.515222 3.755157 1.475261 10.71985 -1.560704
Car 0 1 1.817781 410 191 506 246 1.382725 1.677222 4.342848 -4.600769 1.548417 21.17642 1.603847
Car 0 1 -1.796942 733 183 854 262 1.499206 1.6414 4.137382 3.655052 1.429061 15.94711 -1.571635
Car 0 0 1.729284 519 185 562 216 1.453445 1.603852 3.198821 -4.039786 1.391075 36.99417 1.620515
Car 0 1 -1.723118 714 182 792 240 1.507654 1.661433 3.500855 3.73335 1.381492 20.93019 -1.546603
Car 0 2 -1.688974 705 182 763 226 1.50907 1.610535 3.512901 4.077956 1.323869 26.41693 -1.535814
Car 0 1 -1.698457 694 182 744 218 1.490741 1.678634 3.801369 4.282202 1.268315 31.98817 -1.56538
Car 0 1 1.73517 534 184 574 211 1.493747 1.634919 3.68457 -3.788159 1.34295 41.65616 1.644481
Car 0 3 -1.659515 694 181 733 212 1.492202 1.606235 3.54776 4.762055 1.208201 37.44727 -1.533027
Car 0 3 1.644908 470 183 497 204 1.60914 1.86729 3.690948 -11.25444 1.328481 59.65171 1.458431
