Car 0 0 2.064872 56 199 361 355 1.465943 1.662682 3.757097 -4.761296 1.655948 9.050619 1.580583
Car 0.6881841 0 -2.286129 971 193 1241 374 1.47251 1.60254 3.698168 3.754859 1.532819 4.285511 -1.566634
Car 0 0 1.897634 308 194 456 278 1.428983 1.675727 3.763085 -4.661661 1.597646 14.73134 1.591159
Car 0 0 -1.929845 804 186 1032 322 1.490678 1.638055 3.515222 3.736827 1.479316 9.719505 -1.5628
Car 0 1 1.828035 397 191 500 250 1.382725 1.677222 4.342848 -4.641051 1.543438 20.15855 1.601751
Car 0 1 -1.811717 739 183 871 268 1.499206 1.6414 4.137382 3.625762 1.429726 14.94651 -1.573731
Car 0 0 1.732253 515 185 559 216 1.453445 1.603852 3.198821 -4.113229 1.376078 35.97734 1.618419
Car 0 1 -1.731952 716 182 800 242 1.507654 1.661433 3.500855 3.693614 1.378974 19.92971 -1.548699
Car 0 2 -1.69503 707 181 768 228 1.50907 1.610535 3.512901 4.026717 1.317917 25.41712 -1.53791
Car 0 1 -1.7028 695 181 747 219 1.490741 1.678634 3.801369 4.219283 1.258837 30.98875 -1.567477
Car 0 1 1.73736 530 184 571 212 1.493747 1.634919 3.68457 -3.871376 1.325024 40.63982 1.642386
Car 0 3 -1.663031 695 181 735 212 1.492202 1.606235 3.54776 4.687695 1.195345 36.4488 -1.535123
