Car 0.7090639 0 2.268318 0 209 164 374 1.453445 1.603852 3.198821 -5.569479 1.69442 6.082107 1.526888
Car 0.9850828 2 -2.697451 1054 199 1241 374 1.490741 1.678634 3.801369 3.183345 1.549922 1.875238 -1.659005
Car 0 1 2.042478 88 194 334 322 1.493747 1.634919 3.68457 -5.7548 1.632791 10.74705 1.550853
Car 0.005032778 0 -2.031377 799 184 1136 374 1.492202 1.606235 3.54776 3.150716 1.473215 7.35508 -1.626653
Car 0 2 1.853513 190 186 274 232 1.60914 1.86729 3.690948 -14.87006 1.601784 27.96612 1.364815
Car 0 0 1.141717 477 183 533 212 1.413974 1.57217 3.534891 -6.100801 1.254823 38.05392 0.9827494
Car 0 0 3.138313 582 154 659 196 3.579956 2.43275 6.998469 -0.03418159 0.7488494 63.84492 3.137778
Car 0 0 2.771097 670 176 733 196 1.481739 1.867924 4.736537 6.344542 0.6972345 56.98127 2.881985
Car 0 0 2.61284 565 179 624 200 1.47089 1.717689 4.218764 -1.894054 0.9380506 53.52713 2.57747
Car 0 0 0.7743989 356 185 427 210 1.423202 1.709296 4.141672 -13.90059 1.3531 43.95929 0.4681331
