Car 0.982971 0 2.471033 0 217 107 374 1.465943 1.662682 3.757097 -4.806805 1.693702 3.804011 1.569699
Car 0 0 2.046128 88 202 371 344 1.428983 1.675727 3.763085 -4.768997 1.659183 9.485671 1.580276
Car 0.6297515 0 -2.252591 949 197 1241 374 1.490678 1.638055 3.515222 3.684407 1.572064 4.566382 -1.573684
Car 0 1 1.902718 298 197 454 279 1.382725 1.677222 4.342848 -4.807458 1.627239 14.91297 1.590869
Car 0 0 -1.929386 783 190 1026 331 1.499206 1.6414 4.137382 3.516445 1.543112 9.792025 -1.584616
Car 0 0 1.751372 488 188 541 225 1.453445 1.603852 3.198821 -4.451794 1.527649 30.73713 1.607538
Car 0 1 -1.794094 739 187 863 271 1.507654 1.661433 3.500855 3.53006 1.513103 14.77584 -1.559582
Car 0 1 -1.734304 720 186 800 245 1.50907 1.610535 3.512901 3.803451 1.476477 20.26676 -1.548792
Car 0 1 -1.729496 701 185 766 231 1.490741 1.678634 3.801369 3.93538 1.441308 25.84035 -1.578361
Car 0 1 1.75128 508 187 556 219 1.493747 1.634919 3.68457 -4.260676 1.4971 35.40215 1.631506
Car 0 3 -1.683898 699 185 747 221 1.492202 1.606235 3.54776 4.344381 1.402968 31.30542 -1.546005
Car 0 3 1.66619 442 185 474 208 1.60914 1.86729 3.690948 -11.96074 1.496179 53.29892 1.445439
