Car 0 0 1.984461 187 197 406 316 1.465943 1.662682 3.757097 -4.723963 1.65825 11.18984 1.584993
Car 0.1128758 0 -2.095549 882 191 1241 374 1.47251 1.60254 3.698168 3.77115 1.527405 6.387524 -1.562224
Car 0 1 1.861728 355 194 477 265 1.428983 1.675727 3.763085 -4.599274 1.612533 16.87018 1.595569
Car 0 0 -1.867645 778 186 950 294 1.490678 1.638055 3.515222 3.777085 1.485903 11.82165 -1.55839
Car 0 1 1.807661 424 192 513 244 1.382725 1.677222 4.342848 -4.554726 1.570324 22.29736 1.606161
Car 0 1 -1.782414 728 184 839 258 1.499206 1.6414 4.137382 3.689074 1.447827 17.04919 -1.569321
Car 0 0 1.726282 524 186 565 216 1.453445 1.603852 3.198821 -3.957136 1.438093 38.11399 1.622829
Car 0 1 -1.714154 711 183 785 238 1.507654 1.661433 3.500855 3.778904 1.408108 22.03215 -1.544289
Car 0 2 -1.682692 704 183 759 225 1.50907 1.610535 3.512901 4.136209 1.359287 27.51815 -1.5335
Car 0 1 -1.69388 693 183 742 218 1.490741 1.678634 3.801369 4.353348 1.312582 33.08899 -1.563066
Car 0 1 1.732956 538 185 577 212 1.493747 1.634919 3.68457 -3.694718 1.397422 42.77546 1.646795
Car 0 3 -1.655769 694 182 731 212 1.492202 1.606235 3.54776 4.845839 1.26131 38.54705 -1.530713
Car 0 3 1.641665 474 184 501 204 1.60914 1.86729 3.690948 -11.11943 1.406566 60.7882 1.460744
