Car 0 0 1.852801 370 191 485 260 1.465943 1.662682 3.757097 -4.543694 1.587303 17.57878 1.599861
Car 0 0 -2.090819 858 183 1199 374 1.590111 1.587046 3.339513 3.859646 1.53478 7.492156 -1.615118
Car 0 0 -1.844928 775 188 932 287 1.47251 1.60254 3.698168 3.879764 1.495611 12.65097 -1.547356
Car 0 1 1.794703 443 190 522 239 1.428983 1.675727 3.763085 -4.334564 1.541334 23.25663 1.610438
Car 0 1 -1.759435 736 185 832 252 1.490678 1.638055 3.515222 3.966482 1.453355 18.08441 -1.543523
Car 0 1 1.766746 480 189 544 228 1.382725 1.677222 4.342848 -4.209338 1.498545 28.68254 1.62103
Car 0 1 -1.722554 710 184 783 235 1.499206 1.6414 4.137382 3.956187 1.414128 23.31267 -1.554454
Car 0 0 1.713453 548 185 582 210 1.453445 1.603852 3.198821 -3.376637 1.366744 44.48855 1.637699
Car 0 2 -1.674023 701 183 755 225 1.507654 1.661433 3.500855 4.120091 1.374099 28.29373 -1.529421
Car 0 2 -1.652804 698 183 741 217 1.50907 1.610535 3.512901 4.55894 1.326106 33.77383 -1.518631
Car 0 1 -1.671084 692 183 731 212 1.490741 1.678634 3.801369 4.858889 1.279583 39.34083 -1.548199
Car 0 1 1.723545 559 184 592 207 1.493747 1.634919 3.68457 -3.04493 1.32659 49.14561 1.661667
Car 0 3 -1.636539 694 182 725 208 1.492202 1.606235 3.54776 5.432503 1.229755 44.79097 -1.515843
Car 0 3 1.626115 499 183 522 201 1.60914 1.86729 3.690948 -10.20164 1.299527 67.26649 1.475602
