Car 0.3198023 0 2.196367 0 205 219 374 1.453445 1.603852 3.198821 -5.547728 1.68274 7.077613 1.531556
Car 0.860821 0 -2.498737 964 193 1241 374 1.490741 1.678634 3.801369 3.185622 1.544348 2.830263 -1.654337
Car 0 1 2.00818 144 193 358 307 1.493747 1.634919 3.68457 -5.71127 1.626995 11.74344 1.555522
Car 0 0 -1.987303 784 185 1065 353 1.492202 1.606235 3.54776 3.178579 1.474798 8.310293 -1.621984
Car 0 2 1.839833 209 186 289 230 1.60914 1.86729 3.690948 -14.7463 1.6065 29.00476 1.36948
Car 0 0 1.083612 479 184 535 211 1.413974 1.57217 3.534891 -6.224987 1.284395 39.56778 0.9275662
Car 0 0 3.120707 595 155 671 197 3.579956 2.43275 6.998469 1.105383 0.802598 64.74826 3.137778
Car 0 0 2.7882 675 177 736 197 1.481739 1.867924 4.736537 6.76379 0.764825 57.91668 2.904458
Car 0 0 2.606661 571 180 629 201 1.47089 1.717689 4.218764 -1.571833 0.9917063 54.51833 2.577837
Car 0 0 0.8019528 359 186 427 210 1.423202 1.709296 4.141672 -14.20553 1.388547 45.20306 0.497465
