Car 0.9534135 0 2.405742 0 217 153 374 1.428983 1.675727 3.763085 -4.810943 1.692152 4.343501 1.569326
Car 0 0 2.045519 75 202 374 344 1.382725 1.677222 4.342848 -4.908823 1.640841 9.769901 1.579919
Car 0.5246226 0 -2.227529 899 191 1241 374 1.499206 1.6414 4.137382 3.470158 1.543238 4.739826 -1.595565
Car 0 0 1.779183 452 187 518 232 1.453445 1.603852 3.198821 -4.726458 1.482992 25.59654 1.596587
Car 0 0 -1.90959 783 186 1006 323 1.507654 1.661433 3.500855 3.429203 1.495257 9.723349 -1.570532
Car 0 1 -1.794692 741 183 859 265 1.50907 1.610535 3.512901 3.642442 1.437841 15.21676 -1.559742
Car 0 1 -1.766047 711 183 797 241 1.490741 1.678634 3.801369 3.713331 1.382127 20.7913 -1.58931
Car 0 1 1.770962 480 185 538 224 1.493747 1.634919 3.68457 -4.586443 1.434937 30.26322 1.620555
Car 0 2 -1.710437 705 182 765 226 1.492202 1.606235 3.54776 4.062447 1.32257 26.26032 -1.556955
Car 0 3 1.688514 413 183 450 209 1.60914 1.86729 3.690948 -12.48154 1.399167 48.07477 1.434495
