Car 0 0 1.886231 326 193 463 274 1.465943 1.662682 3.757097 -4.630205 1.6197 15.4031 1.594221
Car 0.3389819 0 -2.240817 927 185 1241 374 1.590111 1.587046 3.339513 3.829987 1.560966 5.364145 -1.620758
Car 0 0 -1.901301 798 190 1003 314 1.47251 1.60254 3.698168 3.821011 1.528478 10.52304 -1.552996
Car 0 1 1.812965 418 191 509 247 1.428983 1.675727 3.763085 -4.453097 1.581235 21.08209 1.604798
Car 0 1 -1.787515 746 187 859 263 1.490678 1.638055 3.515222 3.877086 1.493311 15.95693 -1.549162
Car 0 1 1.778349 463 191 535 233 1.382725 1.677222 4.342848 -4.358471 1.545557 26.50868 1.615391
Car 0 1 -1.739283 715 185 797 242 1.499206 1.6414 4.137382 3.837305 1.460829 21.18509 -1.560094
Car 0 0 1.717273 540 186 576 212 1.453445 1.603852 3.198821 -3.614915 1.43485 42.31929 1.63206
Car 0 2 -1.685746 703 185 762 229 1.507654 1.661433 3.500855 3.973116 1.427367 26.16705 -1.53506
Car 0 2 -1.66182 699 184 745 221 1.50907 1.610535 3.512901 4.381059 1.38681 31.6496 -1.52427
Car 0 1 -1.678123 691 184 733 215 1.490741 1.678634 3.801369 4.649609 1.347722 37.21826 -1.553839
Car 0 1 1.726359 552 185 586 209 1.493747 1.634919 3.68457 -3.309474 1.400981 46.97819 1.656028
Car 0 3 -1.642572 693 184 726 210 1.492202 1.606235 3.54776 5.192485 1.305399 42.67161 -1.521483
Car 0 3 1.630999 491 184 515 203 1.60914 1.86729 3.690948 -10.56835 1.391519 65.0584 1.469961
