Car 0 0 1.955037 231 196 423 303 1.465943 1.662682 3.757097 -4.707821 1.648819 12.21387 1.587137
Car 0.9976191 3 -2.669605 1179 188 1241 374 1.590111 1.587046 3.339513 3.822723 1.56427 2.234818 -1.627838
Car 0.002385199 0 -2.032396 854 191 1210 374 1.47251 1.60254 3.698168 3.777208 1.528057 7.393497 -1.56008
Car 0 1 1.847812 373 193 486 260 1.428983 1.675727 3.763085 -4.570954 1.605522 17.89395 1.597713
Car 0 0 -1.843873 768 187 921 285 1.490678 1.638055 3.515222 3.794789 1.488711 12.82761 -1.556247
Car 0 1 1.799532 434 192 519 241 1.382725 1.677222 4.342848 -4.514773 1.565519 23.32104 1.608305
Car 0 1 -1.77026 724 185 826 253 1.499206 1.6414 4.137382 3.71798 1.452576 18.05534 -1.567178
Car 0 0 1.723873 528 186 568 215 1.453445 1.603852 3.198821 -3.883271 1.44038 39.13641 1.624973
Car 0 1 -1.706399 708 184 778 235 1.507654 1.661433 3.500855 3.818493 1.414952 23.03811 -1.542145
Car 0 2 -1.677126 702 183 755 224 1.50907 1.610535 3.512901 4.187565 1.368802 28.52337 -1.531356
Car 0 1 -1.68975 692 183 739 217 1.490741 1.678634 3.801369 4.416648 1.324604 34.09375 -1.560923
Car 0 1 1.731198 542 185 579 211 1.493747 1.634919 3.68457 -3.610855 1.40192 43.79733 1.64894
Car 0 3 1.638916 478 184 505 204 1.60914 1.86729 3.690948 -10.99714 1.407709 61.82586 1.462885
