Car 0 0 1.827904 402 190 501 252 1.465943 1.662682 3.757097 -4.450448 1.577439 19.65343 1.605214
Car 0.8024634 0 -2.33877 1004 205 1241 374 1.40595 1.662349 3.86098 3.843337 1.550568 3.842391 -1.553249
Car 0 0 -1.998361 817 181 1055 327 1.590111 1.587046 3.339513 3.898375 1.505177 9.521765 -1.609763
Car 0 1 -1.804598 760 186 886 270 1.47251 1.60254 3.698168 3.94611 1.463989 14.68039 -1.542004
Car 0 1 1.780526 462 189 534 234 1.428983 1.675727 3.763085 -4.210934 1.528723 25.33007 1.61579
Car 0 1 -1.737442 729 184 812 243 1.490678 1.638055 3.515222 4.061912 1.419422 20.11326 -1.53817
Car 0 1 1.757527 493 189 553 225 1.382725 1.677222 4.342848 -4.056666 1.483519 30.75521 1.626382
Car 0 1 -1.708717 707 183 773 230 1.499206 1.6414 4.137382 4.07961 1.378235 25.34148 -1.549101
Car 0 0 1.71038 555 185 588 209 1.453445 1.603852 3.198821 -3.139397 1.343369 46.55646 1.64305
Car 0 2 -1.663978 699 183 749 221 1.507654 1.661433 3.500855 4.27017 1.335851 30.32158 -1.524069
Car 0 2 -1.644873 698 182 737 214 1.50907 1.610535 3.512901 4.738332 1.284543 35.79922 -1.513279
Car 0 1 -1.664761 692 182 729 210 1.490741 1.678634 3.801369 5.068067 1.23506 41.36451 -1.542846
Car 0 1 1.721303 565 184 597 206 1.493747 1.634919 3.68457 -2.782778 1.300513 51.21165 1.667017
Car 0 3 -1.631046 694 182 724 206 1.492202 1.606235 3.54776 5.670822 1.18155 46.81147 -1.510492
Car 0 3 1.621895 506 183 529 201 1.60914 1.86729 3.690948 -9.842028 1.286635 69.37073 1.48096
