Car 0.5075406 0 2.25562 0 208 250 374 1.465943 1.662682 3.757097 -4.796307 1.686266 5.910713 1.573931
Car 0 0 1.972252 204 198 412 310 1.428983 1.675727 3.763085 -4.734461 1.642809 11.5921 1.584507
Car 0.06686181 0 -2.077769 869 191 1241 374 1.490678 1.638055 3.515222 3.69768 1.538948 6.636776 -1.569453
Car 0 1 1.867264 346 195 475 265 1.382725 1.677222 4.342848 -4.749956 1.602541 17.01945 1.595099
Car 0 0 -1.871294 761 187 944 298 1.499206 1.6414 4.137382 3.551837 1.502359 11.86303 -1.580384
Car 0 0 1.742777 500 187 548 221 1.453445 1.603852 3.198821 -4.327355 1.477333 32.84179 1.611768
Car 0 1 -1.765113 728 185 832 258 1.507654 1.661433 3.500855 3.586539 1.464565 16.84669 -1.555351
Car 0 1 -1.71669 714 184 785 237 1.50907 1.610535 3.512901 3.883149 1.418618 22.33634 -1.544562
Car 0 1 -1.717839 698 184 757 225 1.490741 1.678634 3.801369 4.038653 1.374406 27.90926 -1.574129
Car 0 1 1.745054 518 186 563 216 1.493747 1.634919 3.68457 -4.116512 1.438983 37.5059 1.635735
Car 0 3 -1.674947 697 183 741 217 1.492202 1.606235 3.54776 4.470757 1.326393 33.37247 -1.541774
Car 0 3 1.658378 452 184 482 206 1.60914 1.86729 3.690948 -11.74044 1.432463 55.43523 1.449675
