Car 0 0 -1.917764 793 186 1063 344 1.432108 1.594949 4.21347 3.39679 1.444849 8.861803 -1.551731
Car 0 0 1.80311 588 181 613 197 1.451412 1.298692 4.043456 -1.851652 0.9134088 67.30476 1.775605
Car 0 2 1.907652 549 181 577 198 1.5 1.440342 3.686158 -5.353861 1.010413 67.96382 1.829039
Car 0 0 1.82613 605 180 624 195 1.5 1.136561 3.459903 -0.619072 0.807579 73.15858 1.817668
Car 0 1 1.899118 567 182 591 196 1.402824 1.235785 3.797681 -4.223305 0.9073508 73.84184 1.841987
Car 0 0 -0.136441 448 185 513 214 1.485515 1.593908 3.459552 -7.704039 1.412771 39.77561 -0.3277596
Car 0 0 2.8203 735 174 810 204 1.592328 1.640353 4.075885 8.597618 0.9084047 41.19354 3.026059
Car 0 0 2.392786 503 184 587 218 1.41455 1.589373 4.009846 -3.475885 1.354422 33.99141 2.290883
Car 0.2058771 0 -3.564567 1168 157 1241 193 1.82574 1.708272 3.922096 31.09329 0.2756279 37.78268 -2.875988
Car 0 1 -3.360757 922 170 1014 198 1.456878 1.640357 4.625636 19.38615 0.5924684 40.61614 -2.915433
Car 0 0 0.9207178 234 191 304 220 1.5 1.616834 3.673507 -19.28869 1.759117 39.79322 0.4693664
