Car 0.4822877 0 -2.183388 895 192 1241 374 1.432108 1.594949 4.21347 3.378494 1.503524 4.724097 -1.562559
Car 0 1 1.804434 579 181 604 198 1.451412 1.298692 4.043456 -2.503038 0.9524215 63.10655 1.764791
Car 0 1 1.912298 537 181 567 199 1.5 1.440342 3.686158 -6.012493 1.038303 63.72752 1.818229
Car 0 0 1.826193 596 180 617 196 1.5 1.136561 3.459903 -1.333818 0.8501894 68.97343 1.806857
Car 0 0 -0.5720582 543 182 612 212 1.485515 1.593908 3.459552 -2.270897 1.242482 38.66612 -0.6307217
Car 0 0 2.593055 614 177 702 214 1.592328 1.640353 4.075885 1.801319 1.182935 34.63675 2.645014
Car 0 0 2.226342 277 192 410 247 1.41455 1.589373 4.009846 -8.017658 1.60532 21.35055 1.867112
Car 0 1 -3.522468 1104 159 1211 199 1.82574 1.708272 3.922096 25.75416 0.5420752 34.91097 -2.88688
Car 0 0 -3.401827 839 174 935 204 1.456878 1.640357 4.625636 13.68228 0.8327001 37.44245 -3.05148
Car 0 0 0.6990246 242 189 330 223 1.5 1.616834 3.673507 -15.64544 1.655193 33.98581 0.2675953
