Car 0 0 -1.936723 799 187 1094 356 1.432108 1.594949 4.21347 3.384169 1.454517 8.3935 -1.553471
Car 0 0 1.803276 587 181 611 198 1.451412 1.298692 4.043456 -1.966007 0.9424735 66.8274 1.773866
Car 0 1 1.908175 548 181 576 198 1.5 1.440342 3.686158 -5.469395 1.038554 67.48032 1.8273
Car 0 0 1.826159 603 180 623 195 1.5 1.136561 3.459903 -0.7436028 0.8391705 72.68341 1.815928
Car 0 0 1.899461 566 182 589 196 1.402824 1.235785 3.797681 -4.349052 0.9379928 73.36034 1.840247
Car 0 1 -0.190045 458 185 524 214 1.485515 1.593908 3.459552 -7.1164 1.406361 39.65723 -0.367603
Car 0 0 2.798395 724 175 800 205 1.592328 1.640353 4.075885 7.879679 0.952626 40.56501 2.990254
Car 0 0 2.370554 485 185 572 220 1.41455 1.589373 4.009846 -4.097237 1.395409 32.83024 2.246396
Car 0.1659465 0 -3.562582 1163 157 1241 194 1.82574 1.708272 3.922096 30.56257 0.3182559 37.40922 -2.877573
Car 0 1 -3.357405 914 171 1007 199 1.456878 1.640357 4.625636 18.79542 0.6332165 40.27832 -2.920801
Car 0 0 0.8877937 231 191 304 220 1.5 1.616834 3.673507 -19.00405 1.764928 39.03495 0.4347238
