Car 0.9968483 2 -2.711767 1151 213 1241 374 1.432108 1.594949 4.21347 3.405582 1.543198 1.529623 -1.563119
Car 0 0 1.806083 576 181 604 200 1.451412 1.298692 4.043456 -2.508694 1.005027 59.90889 1.764233
Car 0 0 1.916779 532 182 564 200 1.5 1.440342 3.686158 -6.01853 1.089732 60.52785 1.81767
Car 0 0 1.826709 595 180 617 197 1.5 1.136561 3.459903 -1.342747 0.9047655 65.77645 1.806298
Car 0 0 1.905082 553 182 580 198 1.402824 1.235785 3.797681 -4.954884 0.9918804 66.41844 1.830618
Car 0 0 -1.120424 662 179 712 205 1.485515 1.593908 3.459552 3.923222 1.040521 42.71481 -1.028834
Car 0 0 2.323619 407 183 528 237 1.592328 1.640353 4.075885 -4.938014 1.496583 23.88225 2.119727
Car 0 0 -3.407889 976 163 1077 205 1.82574 1.708272 3.922096 18.62982 0.7649117 33.44243 -2.899632
Car 0 0 2.634367 701 178 806 214 1.456878 1.640357 4.625636 5.998364 1.104086 32.7792 2.815358
Car 0 1 -0.2055202 338 187 427 224 1.5 1.616834 3.673507 -10.5531 1.545118 32.19654 -0.5222565
