Car 0 0 -1.749937 736 184 842 256 1.432108 1.594949 4.21347 3.7421 1.379219 16.7075 -1.529596
Car 0 0 1.800545 608 182 629 196 1.451412 1.298692 4.043456 -0.2115097 0.9415696 75.25307 1.797735
Car 0 0 1.899797 573 182 598 197 1.5 1.440342 3.686158 -3.69828 1.0396 75.98934 1.851167
Car 0 0 1.825609 622 181 640 195 1.5 1.136561 3.459903 1.150333 0.8451506 81.07835 1.839796
Car 0 1 1.893893 588 182 610 195 1.402824 1.235785 3.797681 -2.437901 0.945986 81.84106 1.864114
Car 0 0 0.5983371 374 188 434 213 1.485515 1.593908 3.459552 -14.00488 1.62658 46.91214 0.3082256
Car 0 0 -3.229269 848 172 911 197 1.592328 1.640353 4.075885 17.32206 0.6661333 48.67682 -2.887385
Car 0 0 2.730501 674 180 737 203 1.41455 1.589373 4.009846 5.628139 1.024248 48.06092 2.847074
Car 0.1142752 0 -3.582575 1172 159 1241 190 1.82574 1.708272 3.922096 36.17133 0.1410565 44.18434 -2.896568
Car 0 0 -3.404542 997 169 1081 194 1.456878 1.640357 4.625636 26.76687 0.4021312 46.52059 -2.882425
