Car 0 0 -1.900361 787 186 1035 333 1.432108 1.594949 4.21347 3.414142 1.43896 9.344742 -1.550074
Car 0 0 1.802881 590 181 614 197 1.451412 1.298692 4.043456 -1.737391 0.9169729 67.79639 1.77726
Car 0 2 1.907062 551 181 579 198 1.5 1.440342 3.686158 -5.238466 1.015388 68.46127 1.830693
Car 0 0 1.826045 606 180 626 195 1.5 1.136561 3.459903 -0.4951286 0.8114245 73.64819 1.819322
Car 0 2 1.898714 569 182 592 196 1.402824 1.235785 3.797681 -4.098179 0.9126483 74.33742 1.84364
Car 0 0 -0.08300637 438 185 502 215 1.485515 1.593908 3.459552 -8.291075 1.439351 39.89439 -0.2879151
Car 0 0 2.842688 745 174 820 203 1.592328 1.640353 4.075885 9.316105 0.8832505 41.82249 3.061863
Car 0 0 2.416389 520 184 602 216 1.41455 1.589373 4.009846 -2.854084 1.329549 35.15284 2.335376
Car 0.2524727 0 -3.56646 1172 157 1241 193 1.82574 1.708272 3.922096 31.62448 0.2495409 38.15665 -2.8744
Car 0 1 -3.36387 930 170 1022 198 1.456878 1.640357 4.625636 19.974 0.5702912 40.95055 -2.910063
Car 0 0 0.9536929 237 191 305 219 1.5 1.616834 3.673507 -19.57274 1.773708 40.55188 0.5040139
