Car 0.2626719 0 -2.118238 868 191 1241 374 1.432108 1.594949 4.21347 3.376439 1.495062 5.435771 -1.56241
Car 0 0 1.804027 579 181 605 199 1.451412 1.298692 4.043456 -2.496227 0.9909304 63.81954 1.764933
Car 0 3 1.911294 538 182 568 200 1.5 1.440342 3.686158 -6.005487 1.081101 64.44102 1.818369
Car 0 0 1.826025 596 180 617 196 1.5 1.136561 3.459903 -1.326168 0.8914833 69.68629 1.806997
Car 0 1 1.901408 557 182 582 197 1.402824 1.235785 3.797681 -4.937706 0.9842253 70.33087 1.831316
Car 0 0 -0.4983557 522 183 592 213 1.485515 1.593908 3.459552 -3.375957 1.303707 38.57262 -0.5856553
Car 0 0 2.64166 639 177 724 212 1.592328 1.640353 4.075885 3.039311 1.154929 36.03031 2.725816
Car 0 1 2.249578 337 190 455 240 1.41455 1.589373 4.009846 -7.299601 1.57939 23.95926 1.953845
Car 0 0 -3.534198 1119 159 1225 198 1.82574 1.708272 3.922096 26.77825 0.5045916 35.35963 -2.886034
Car 0 0 -3.388357 856 173 951 203 1.456878 1.640357 4.625636 14.77202 0.8066351 38.05128 -3.018052
Car 0 0 0.7925199 236 190 320 223 1.5 1.616834 3.673507 -16.49613 1.708989 34.92946 0.3513015
