Car 0.7691895 0 -2.32694 955 196 1241 374 1.432108 1.594949 4.21347 3.370233 1.522568 3.512259 -1.562174
Car 0 2 1.805365 578 181 604 199 1.451412 1.298692 4.043456 -2.488918 1.006568 61.89729 1.765177
Car 0 0 1.914262 536 182 566 200 1.5 1.440342 3.686158 -5.998188 1.090938 62.51953 1.818614
Car 0 2 1.826681 596 180 617 197 1.5 1.136561 3.459903 -1.317427 0.9088267 67.76378 1.807242
Car 0 1 1.903489 555 182 581 198 1.402824 1.235785 3.797681 -4.928972 0.9955981 68.40915 1.831562
Car 0 3 -0.7580976 584 181 650 210 1.485515 1.593908 3.459552 -0.1657333 1.20532 39.25762 -0.7623193
Car 0 0 2.495001 561 179 656 219 1.592328 1.640353 4.075885 -0.490469 1.302338 31.52678 2.479445
Car 0 0 2.23696 114 197 307 276 1.41455 1.589373 4.009846 -8.757389 1.696728 15.91294 1.733863
Car 0 0 -3.494327 1074 161 1180 201 1.82574 1.708272 3.922096 23.7569 0.6399934 34.15859 -2.886635
Car 0 0 2.818874 802 175 901 207 1.456878 1.640357 4.625636 11.44344 0.9383014 36.14383 3.125497
Car 0 0 0.4755347 260 189 354 225 1.5 1.616834 3.673507 -14.08423 1.643849 32.65459 0.06833217
