Car 0 0 -1.82441 761 184 929 291 1.432108 1.594949 4.21347 3.524427 1.409607 12.10969 -1.541192
Car 0 1 1.801822 598 181 621 197 1.451412 1.298692 4.043456 -1.107586 0.918725 70.60508 1.786136
Car 0 0 1.90403 560 181 587 198 1.5 1.440342 3.686158 -4.602535 1.020047 71.301 1.839568
Car 0 1 1.825757 613 180 632 195 1.5 1.136561 3.459903 0.1865768 0.8149869 76.44563 1.828197
Car 0 1 1.896678 577 182 600 196 1.402824 1.235785 3.797681 -3.41013 0.9192042 77.16683 1.852515
Car 0 0 0.09464248 402 187 464 215 1.485515 1.593908 3.459552 -10.7661 1.532317 41.80791 -0.1573952
Car 0 1 -3.315999 792 173 861 200 1.592328 1.640353 4.075885 12.62095 0.7724984 44.68489 -3.040726
Car 0 0 2.542169 591 182 664 210 1.41455 1.589373 4.009846 0.4037437 1.195992 40.73509 2.55208
Car 0.353574 0 -3.607488 1184 157 1241 191 1.82574 1.708272 3.922096 33.84422 0.1597329 40.22723 -2.908051
Car 0 0 -3.384234 964 169 1054 196 1.456878 1.640357 4.625636 22.92126 0.4703031 42.9636 -2.894143
Car 0 0 1.017947 250 191 309 217 1.5 1.616834 3.673507 -20.97715 1.81972 44.63534 0.5786129
