Car 0.7225956 0 -2.290187 939 196 1241 374 1.432108 1.594949 4.21347 3.373642 1.52152 3.784991 -1.562187
Car 0 3 1.805138 578 181 604 199 1.451412 1.298692 4.043456 -2.486389 1.002399 62.1699 1.765166
Car 0 0 1.913801 536 182 566 200 1.5 1.440342 3.686158 -5.995722 1.084537 62.79207 1.818604
Car 0 2 1.826557 596 180 617 197 1.5 1.136561 3.459903 -1.314957 0.9054662 68.03642 1.807232
Car 0 1 1.90316 556 182 581 198 1.402824 1.235785 3.797681 -4.926569 0.9899409 68.68172 1.831552
Car 0 2 -0.7019998 575 181 641 211 1.485515 1.593908 3.459552 -0.6649456 1.221126 39.00922 -0.719044
Car 0 0 2.515259 575 179 668 218 1.592328 1.640353 4.075885 0.08254147 1.278606 32.32537 2.517812
Car 0 0 2.231141 163 196 336 267 1.41455 1.589373 4.009846 -8.642235 1.672606 17.28804 1.767576
Car 0 0 -3.503998 1084 161 1191 201 1.82574 1.708272 3.922096 24.32568 0.6398154 34.26335 -2.886617
Car 0 0 -3.439484 812 175 910 207 1.456878 1.640357 4.625636 12.01883 0.9273592 36.48934 -3.121297
Car 0 1 0.5316421 255 189 348 224 1.5 1.616834 3.673507 -14.47453 1.641282 32.98737 0.1181493
