Car 0.1904453 0 -2.089408 857 191 1241 374 1.432108 1.594949 4.21347 3.375731 1.492871 5.794684 -1.561914
Car 0 0 1.803864 580 181 605 199 1.451412 1.298692 4.043456 -2.46796 0.9983724 64.18144 1.76543
Car 0 2 1.910836 539 182 568 200 1.5 1.440342 3.686158 -5.976934 1.087876 64.80464 1.818866
Car 0 0 1.825979 597 180 618 196 1.5 1.136561 3.459903 -1.294979 0.9002869 70.04764 1.807494
Car 0 1 1.901103 558 182 583 197 1.402824 1.235785 3.797681 -4.906219 0.9923426 70.69398 1.831814
Car 0 0 -0.4614946 512 183 581 213 1.485515 1.593908 3.459552 -3.928377 1.326435 38.52572 -0.5631111
Car 0 0 2.665884 652 177 736 211 1.592328 1.640353 4.075885 3.695324 1.137231 36.70362 2.766226
Car 0 1 2.265345 363 190 474 236 1.41455 1.589373 4.009846 -6.940743 1.558099 25.26351 1.997226
Car 0 0 -3.539893 1126 159 1232 198 1.82574 1.708272 3.922096 27.3268 0.4998406 35.59203 -2.88511
Car 0 0 -3.381286 864 173 959 203 1.456878 1.640357 4.625636 15.31738 0.7990856 38.35571 -3.001339
Car 0 0 0.8390419 233 190 315 223 1.5 1.616834 3.673507 -16.92179 1.718817 35.40107 0.3931471
