Car 0 3 1.805801 576 182 604 201 1.451412 1.298692 4.043456 -2.444212 1.095675 58.50678 1.764049
Car 0 0 1.917845 531 183 564 202 1.5 1.440342 3.686158 -5.953945 1.188809 59.12514 1.817483
Car 0 2 1.825982 595 181 617 199 1.5 1.136561 3.459903 -1.279331 0.999935 64.37463 1.806111
Car 0 1 1.905522 552 183 579 200 1.402824 1.235785 3.797681 -4.891359 1.095731 65.01599 1.83043
Car 0 0 -1.430756 710 178 740 200 1.485515 1.593908 3.459552 7.425491 0.8899031 51.50966 -1.287585
Car 2.831221E-05 0 2.322161 0 194 264 314 1.592328 1.640353 4.075885 -7.928208 1.747913 12.00423 1.738474
Car 0.9542915 1 -3.748644 1209 129 1241 201 3.011065 2.597988 11.84035 31.2193 0.4479023 29.57563 -2.936217
Car 0 0 2.787863 815 167 911 211 1.82574 1.708272 3.922096 10.86245 0.9938172 32.62569 3.109261
Car 0 0 2.51085 522 184 645 229 1.456878 1.640357 4.625636 -1.321188 1.401633 26.85525 2.461693
Car 0 0 -1.238034 416 186 474 220 1.5 1.616834 3.673507 -8.508836 1.514342 35.43066 -1.473726
