Car 0 0 -1.740553 732 184 832 253 1.432108 1.594949 4.21347 3.776367 1.379689 17.50136 -1.528036
Car 0 0 1.800425 609 182 630 196 1.451412 1.298692 4.043456 -0.08595276 0.9645307 76.0532 1.799295
Car 0 0 1.899202 575 182 599 197 1.5 1.440342 3.686158 -3.571602 1.061744 76.79485 1.852727
Car 0 0 1.825663 623 181 641 195 1.5 1.136561 3.459903 1.284992 0.8709115 81.87639 1.841356
Car 0 1 1.893522 590 183 611 196 1.402824 1.235785 3.797681 -2.302078 0.9709084 82.64464 1.865674
Car 0 0 0.6047135 373 189 431 212 1.485515 1.593908 3.459552 -14.39543 1.646734 47.8394 0.3124206
Car 0 0 -3.235652 855 172 918 197 1.592328 1.640353 4.075885 17.96736 0.6690736 49.2421 -2.885785
Car 0 0 2.759767 685 180 746 203 1.41455 1.589373 4.009846 6.412468 1.014838 49.10589 2.889617
Car 0.05976236 0 -3.577404 1168 159 1241 190 1.82574 1.708272 3.922096 36.43765 0.1582613 44.83532 -2.894968
Car 0 1 -3.406094 1001 170 1084 194 1.456878 1.640357 4.625636 27.285 0.4108928 47.07346 -2.88079
