Car 0.9831469 1 -2.582953 1075 206 1241 374 1.432108 1.594949 4.21347 3.379169 1.537116 2.07405 -1.562644
Car 0 0 1.806154 577 181 604 200 1.451412 1.298692 4.043456 -2.507311 1.025644 60.45637 1.764705
Car 0 2 1.916337 533 182 565 201 1.5 1.440342 3.686158 -6.016823 1.111855 61.07698 1.818142
Car 0 0 1.82695 595 180 617 197 1.5 1.136561 3.459903 -1.338589 0.9274414 66.32341 1.80677
Car 0 0 1.904878 554 182 580 198 1.402824 1.235785 3.797681 -4.950384 1.016108 66.96709 1.83109
Car 0 0 -1.005591 640 180 696 207 1.485515 1.593908 3.459552 2.703394 1.107135 41.22513 -0.9401085
Car 0 0 2.37765 464 182 574 230 1.592328 1.640353 4.075885 -3.641195 1.443551 26.56589 2.241436
Car 0 0 -3.436005 1010 162 1113 204 1.82574 1.708272 3.922096 20.34244 0.7251443 33.6212 -2.891882
Car 0 0 2.680353 739 177 841 211 1.456878 1.640357 4.625636 7.912214 1.051371 33.99454 2.909031
Car 0 0 0.02538967 313 188 399 225 1.5 1.616834 3.673507 -11.60894 1.593115 32.0096 -0.3225282
