Car 0 0 -1.812487 757 184 914 284 1.432108 1.594949 4.21347 3.554868 1.401383 12.69072 -1.539371
Car 0 0 1.801588 599 181 622 197 1.451412 1.298692 4.043456 -0.970562 0.908556 71.19444 1.787956
Car 0 0 1.903401 562 181 589 197 1.5 1.440342 3.686158 -4.464214 1.01077 71.89675 1.841388
Car 0 1 1.825678 614 180 633 195 1.5 1.136561 3.459903 0.3342285 0.8041561 77.03262 1.830017
Car 0 1 1.896248 579 182 601 196 1.402824 1.235785 3.797681 -3.261131 0.9092915 77.76038 1.854335
Car 0 0 0.1190202 397 187 458 215 1.485515 1.593908 3.459552 -11.26819 1.544372 42.448 -0.1404539
Car 0 1 -3.296578 800 172 869 200 1.592328 1.640353 4.075885 13.30261 0.741388 45.25701 -3.010695
Car 0 0 2.567364 604 182 675 209 1.41455 1.589373 4.009846 1.099773 1.16274 41.78397 2.593679
Car 0.3278399 0 -3.604558 1183 157 1241 190 1.82574 1.708272 3.922096 34.20233 0.1331545 40.758 -2.906393
Car 0 0 -3.388761 970 169 1059 195 1.456878 1.640357 4.625636 23.50852 0.440589 43.40837 -2.892416
Car 0 0 1.017497 253 191 311 216 1.5 1.616834 3.673507 -21.25597 1.82535 45.49071 0.580383
