Car 0.003195167 0 -1.981046 816 189 1174 374 1.432108 1.594949 4.21347 3.374368 1.478879 7.464545 -1.556486
Car 0 0 1.803512 585 182 609 199 1.451412 1.298692 4.043456 -2.152336 1.019611 65.88245 1.770855
Car 0 0 1.909135 545 182 573 199 1.5 1.440342 3.686158 -5.657854 1.110093 66.52464 1.82429
Car 0 0 1.826125 601 181 621 196 1.5 1.136561 3.459903 -0.9475441 0.9247568 71.74225 1.812918
Car 0 0 1.900064 563 183 587 197 1.402824 1.235785 3.797681 -4.555202 1.017823 72.40813 1.837237
Car 0 2 -0.2879877 476 185 544 214 1.485515 1.593908 3.459552 -5.974421 1.405077 39.22908 -0.4391221
Car 0 0 2.756144 700 176 779 208 1.592328 1.640353 4.075885 6.444675 1.059839 39.30822 2.918651
Car 0 0 2.333593 449 187 542 225 1.41455 1.589373 4.009846 -5.159475 1.475563 30.35142 2.165211
Car 0.06657577 0 -3.558354 1154 159 1241 197 1.82574 1.708272 3.922096 29.50308 0.4481175 36.663 -2.880748
Car 0 1 -3.359805 898 173 991 202 1.456878 1.640357 4.625636 17.62806 0.7463986 39.62313 -2.941206
Car 0 0 0.8518558 229 191 306 222 1.5 1.616834 3.673507 -18.3595 1.764556 37.70176 0.3986892
