Car 0.002166986 0 -2.004725 825 190 1220 374 1.432108 1.594949 4.21347 3.374185 1.484426 7.042707 -1.557934
Car 0 0 1.803576 583 182 608 199 1.451412 1.298692 4.043456 -2.237144 1.020864 65.45251 1.76941
Car 0 0 1.909534 543 182 572 199 1.5 1.440342 3.686158 -5.743635 1.109694 66.08961 1.822845
Car 0 0 1.826067 600 181 620 197 1.5 1.136561 3.459903 -1.040817 0.9263985 71.31404 1.811473
Car 0 0 1.900302 562 183 586 197 1.402824 1.235785 3.797681 -4.649483 1.017765 71.97469 1.835793
Car 0 1 -0.3324099 485 184 554 214 1.485515 1.593908 3.459552 -5.421059 1.387672 38.91882 -0.4708108
Car 0 0 2.735873 688 177 768 209 1.592328 1.640353 4.075885 5.726236 1.086428 38.67934 2.882849
Car 0 0 2.317662 428 188 525 227 1.41455 1.589373 4.009846 -5.691153 1.498539 29.11177 2.124604
Car 0.03671628 0 -3.55608 1149 159 1241 197 1.82574 1.708272 3.922096 28.97202 0.4781897 36.28915 -2.882336
Car 0 1 -3.365537 890 173 983 202 1.456878 1.640357 4.625636 17.0509 0.771204 39.30645 -2.956242
Car 0 0 0.8487386 230 191 308 222 1.5 1.616834 3.673507 -18.00007 1.749376 37.12658 0.3973006
