Car 0 0 1.806144 576 183 604 202 1.451412 1.298692 4.043456 -2.43824 1.167479 58.24554 1.764307
Car 0 2 1.918442 531 183 563 203 1.5 1.440342 3.686158 -5.947849 1.260068 58.86469 1.817741
Car 0 0 1.826204 595 182 617 199 1.5 1.136561 3.459903 -1.271818 1.079185 64.1132 1.806369
Car 0 2 1.905963 552 184 579 200 1.402824 1.235785 3.797681 -4.88372 1.174426 64.75537 1.830687
Car 0 0 -1.485613 715 179 742 200 1.485515 1.593908 3.459552 8.07019 0.9117082 54.12606 -1.337604
Car 0.7207304 0 2.42609 0 200 125 336 1.592328 1.640353 4.075885 -8.207854 1.798854 8.670723 1.668108
Car 0.6961567 0 -3.691577 1134 130 1241 205 3.011065 2.597988 11.84035 28.0718 0.5810402 29.79663 -2.935976
Car 0 0 2.751159 772 169 869 214 1.82574 1.708272 3.922096 8.821486 1.099336 32.09005 3.01943
Car 0 0 2.474008 469 186 602 235 1.456878 1.640357 4.625636 -2.834764 1.494037 24.94025 2.360831
Car 0 0 -1.432455 423 187 468 220 1.5 1.616834 3.673507 -8.750804 1.550343 36.51794 -1.667651
