Car 0 2 1.805846 576 182 604 201 1.451412 1.298692 4.043456 -2.446814 1.081074 58.41786 1.763986
Car 0 1 1.917977 531 182 563 202 1.5 1.440342 3.686158 -5.956568 1.17459 59.03603 1.81742
Car 0 1 1.825993 595 181 617 198 1.5 1.136561 3.459903 -1.282303 0.9835544 64.28575 1.806049
Car 0 2 1.905608 552 183 579 199 1.402824 1.235785 3.797681 -4.894358 1.079741 64.92692 1.830368
Car 0 0 -1.445862 712 178 741 199 1.485515 1.593908 3.459552 7.64525 0.8592256 52.34336 -1.300828
Car 0.1548593 0 2.34973 0 195 226 331 1.592328 1.640353 4.075885 -8.021527 1.760704 10.89304 1.714996
Car 0.8696254 0 -3.730238 1184 129 1241 202 3.011065 2.597988 11.84035 30.16917 0.4641371 29.64862 -2.936138
Car 0 0 2.784462 801 167 898 211 1.82574 1.708272 3.922096 10.21414 1.003154 32.49405 3.089021
Car 0 0 2.497607 505 184 631 231 1.456878 1.640357 4.625636 -1.826221 1.41591 26.21665 2.428061
Car 0 0 -1.306322 418 186 472 219 1.5 1.616834 3.673507 -8.599224 1.504537 35.79725 -1.542075
