Car 0 1 1.805934 576 182 604 201 1.451412 1.298692 4.043456 -2.455029 1.093234 58.33068 1.763871
Car 0 2 1.91815 531 183 563 202 1.5 1.440342 3.686158 -5.964876 1.186221 58.94841 1.817305
Car 0 0 1.826044 595 181 617 199 1.5 1.136561 3.459903 -1.291193 0.9971005 64.19872 1.805934
Car 0 2 1.905732 552 183 579 200 1.402824 1.235785 3.797681 -4.903337 1.092744 64.83945 1.830253
Car 0 0 -1.460908 714 178 742 199 1.485515 1.593908 3.459552 7.866013 0.855674 53.17767 -1.314053
Car 0.4342597 0 2.384053 0 197 180 335 1.592328 1.640353 4.075885 -8.114795 1.775923 9.781863 1.691537
Car 0.7831151 0 -3.711222 1159 129 1241 203 3.011065 2.597988 11.84035 29.11995 0.5045789 29.72216 -2.936058
Car 0 0 2.767612 787 168 883 212 1.82574 1.708272 3.922096 9.517285 1.033383 32.2917 3.054226
Car 0 0 2.485315 488 185 617 233 1.456878 1.640357 4.625636 -2.330867 1.441888 25.57825 2.394439
Car 0 0 -1.374606 421 186 470 219 1.5 1.616834 3.673507 -8.689129 1.508545 36.16409 -1.610406
