Car 0 0 -1.867282 775 185 986 313 1.432108 1.594949 4.21347 3.457247 1.428952 10.40868 -1.546597
Car 0 2 1.80238 593 181 617 197 1.451412 1.298692 4.043456 -1.491014 0.9193783 68.87801 1.780737
Car 0 1 1.905786 555 181 582 198 1.5 1.440342 3.686158 -4.989771 1.017555 69.55503 1.83417
Car 0 1 1.825855 609 180 628 195 1.5 1.136561 3.459903 -0.2284088 0.8152663 74.72547 1.822799
Car 0 2 1.897839 572 182 595 196 1.402824 1.235785 3.797681 -3.829052 0.9162461 75.4272 1.847117
Car 0 0 0.01850389 422 186 484 215 1.485515 1.593908 3.459552 -9.325332 1.477114 40.42396 -0.2082181
Car 0 0 2.891392 765 173 837 202 1.592328 1.640353 4.075885 10.63841 0.8446889 42.96751 3.134103
Car 0 0 2.467331 550 183 628 213 1.41455 1.589373 4.009846 -1.610403 1.277038 37.47569 2.424385
Car 0.2946548 0 -3.582988 1177 157 1241 192 1.82574 1.708272 3.922096 32.51312 0.22805 38.98505 -2.887863
Car 0 0 -3.369544 945 170 1036 197 1.456878 1.640357 4.625636 21.15522 0.5417758 41.62481 -2.899329
Car 0 0 1.019812 242 191 305 218 1.5 1.616834 3.673507 -20.1411 1.78566 42.06896 0.5732971
