Car 0.002761841 0 -1.891733 757 177 1079 374 1.546081 1.6639 4.146974 2.647813 1.457856 7.451684 -1.550317
Car 0 0 -1.086615 130 194 353 318 1.632486 1.608983 3.812409 -5.957051 1.794552 11.98567 -1.547871
Car 0.548195 0 -3.841318 1057 155 1241 294 1.630828 1.672862 4.318664 8.312163 1.185219 9.465769 -3.120719
Car 0 0 1.819848 397 190 483 245 1.530483 1.680223 3.862273 -5.672377 1.666731 23.27237 1.580771
Car 0 1 1.792964 450 190 513 231 1.420148 1.552787 3.85067 -5.418863 1.599312 28.77464 1.606823
Car 0 1 1.733524 482 188 528 223 1.427379 1.478135 3.709917 -5.292522 1.543999 33.64508 1.577498
Car 0 1 1.71132 504 187 546 216 1.400546 1.647438 4.024915 -5.177654 1.477777 39.63475 1.581422
Car 0 1 -3.394095 779 169 867 207 1.639204 1.585631 3.989951 9.765549 0.8590917 35.09154 -3.122675
Car 0 3 2.881533 780 169 841 204 1.719717 1.682953 2.781201 9.839378 0.8292837 37.69113 3.136887
Car 0 1 2.904644 760 170 827 203 1.674444 1.672834 3.425593 9.501179 0.8206723 40.01046 3.137792
Car 0 0 -0.5910243 1059 158 1174 194 1.532222 1.85 4.267781 23.29639 0.266422 34.15923 0.00751468
Car 0 1 -0.5485262 1027 157 1136 193 1.665556 1.85 4.490002 23.41568 0.2328055 36.93382 0.01651194
Car 0 2 -0.5379611 1007 160 1114 192 1.532222 1.85 4.943336 24.07194 0.1743772 39.79804 0.006018768
Car 0 2 -0.5338532 991 160 1090 191 1.567778 1.85 4.916665 24.42694 0.1330063 42.3045 -0.01021154
Car 0 1 -3.345249 742 173 808 202 1.56902 1.615801 3.690002 9.120724 0.8083423 42.87859 -3.135662
Car 0 1 1.735036 528 185 564 210 1.426384 1.614783 4.125178 -4.824244 1.384789 47.20741 1.633198
Car 0 0 -1.666286 675 179 711 207 1.471051 1.596091 3.865517 4.065833 1.050198 41.22299 -1.567974
Car 0 2 -1.640833 671 177 701 203 1.571396 1.572021 4.042688 4.170985 0.9887232 46.7898 -1.551925
Car 0 1 1.686935 543 184 570 206 1.481957 1.499868 3.577903 -4.64064 1.316866 53.06406 1.599703
Car 0 2 1.459103 665 179 692 199 1.455476 1.614714 3.60968 4.517221 0.8736418 56.55927 1.5388
Car 0 1 1.744556 556 183 583 202 1.484442 1.564952 4.090225 -4.369825 1.210837 62.2752 1.674502
Car 0 1 -1.676034 661 179 686 197 1.462216 1.667148 3.889512 4.502834 0.8153021 62.34022 -1.603929
Car 0 1 1.656819 572 182 591 197 1.561269 1.630639 3.624328 -4.14128 1.047901 77.24857 1.603261
Car 0 2 -1.662798 656 178 677 195 1.508927 1.600727 3.541442 4.49012 0.7284012 70.91337 -1.599564
Car 0 2 -1.706372 656 178 675 193 1.531034 1.504644 3.336817 4.700058 0.6636366 76.34555 -1.644887
Car 0 2 1.634909 578 182 594 196 1.456842 1.426118 3.51561 -3.907637 0.9855816 82.33768 1.587486
Car 0 3 -3.212415 704 176 727 187 1.382211 1.434529 3.400866 13.89428 -0.052423 106.4243 -3.082594
Car 0 2 -2.958254 544 179 576 194 1.945312 1.892187 4.609375 -8.947355 0.9564142 107.1804 -3.041541
