Car 0 0 1.879165 324 200 429 265 1.417371 1.540477 3.504343 -6.319 1.842209 19.21981 1.561522
Car 0 0 -1.695525 676 178 751 233 1.512623 1.746308 3.775172 2.858413 1.281985 22.75603 -1.570569
Car 0 1 1.829562 397 197 474 245 1.360295 1.513462 4.017023 -6.200935 1.78489 24.79268 1.584479
Car 0 0 1.749085 462 185 517 227 1.73687 1.652467 4.107703 -5.871187 1.6906 33.09967 1.573532
Car 0 1 1.735684 489 186 533 219 1.609242 1.638188 3.998 -5.919076 1.633246 39.72972 1.587788
Car 0 1 1.684887 522 187 554 210 1.431419 1.697305 3.744055 -5.703223 1.522313 50.59545 1.572639
Car 0 0 -1.622868 649 179 669 195 1.546081 1.6639 4.146974 3.792812 0.7805723 72.13031 -1.570334
Car 0 2 -3.274821 698 175 750 194 1.473782 1.69797 4.648869 9.213596 0.5334518 64.97758 -3.133964
Car 0 2 -3.266954 697 170 744 193 1.909038 1.812069 4.330702 9.407318 0.4942746 68.06912 -3.129622
Car 0 1 -1.50398 564 183 583 199 1.632486 1.608983 3.812409 -4.89523 1.241033 76.4915 -1.56789
Car 0 0 1.640747 555 185 576 202 1.430527 1.566407 3.482533 -4.938928 1.343812 65.43241 1.565409
Car 0 3 -3.26678 691 174 734 192 1.630828 1.672862 4.318664 9.411928 0.4379064 74.25723 -3.140704
Car 0 1 1.615803 572 183 589 197 1.530483 1.680223 3.862273 -4.836552 1.135295 87.78187 1.560761
Car 0 2 1.637063 577 184 592 196 1.420148 1.552787 3.85067 -4.693319 1.07713 93.28822 1.586795
Car 0 2 1.604974 580 183 593 195 1.427379 1.478135 3.709917 -4.664499 1.0313 98.16031 1.557491
Car 0 2 1.606216 581 183 595 194 1.400546 1.647438 4.024915 -4.66954 0.9772751 104.1512 1.561412
Car 0 1 3.037281 681 175 710 188 1.639204 1.585631 3.989951 10.35149 0.151284 99.90746 3.140523
Car 0 3 3.016032 684 175 704 188 1.719717 1.682953 2.781201 10.37325 0.1264536 102.5081 3.116883
Car 0 2 3.02278 678 175 702 188 1.674444 1.672834 3.425593 9.988964 0.1276073 104.8202 3.11779
Car 0 3 -0.3286595 812 166 855 184 1.736666 1.796667 4.374446 23.68565 -0.440742 80.56531 -0.04272266
Car 0 3 -0.2447459 805 168 848 184 1.55 1.85 4.65 23.75397 -0.4747024 83.87735 0.0312267
Car 0 2 -0.2486938 779 170 812 183 1.532222 1.85 4.267781 23.88916 -0.6218154 99.24574 -0.0124803
Car 0 3 -0.234081 774 169 808 183 1.665556 1.85 4.490002 23.95285 -0.6506531 102.0222 -0.003476773
Car 0 3 -0.2438854 773 170 808 183 1.532222 1.85 4.943336 24.55125 -0.7111728 104.899 -0.01397721
Car 0 3 -0.2576219 771 170 806 182 1.567778 1.85 4.916665 24.8558 -0.7514844 107.4121 -0.03021871
Car 0 2 3.039057 673 176 698 188 1.56902 1.615801 3.690002 9.551472 0.1268559 107.6802 3.127527
Car 0 2 1.653119 585 183 598 193 1.426384 1.614783 4.125178 -4.467909 0.8969637 111.7296 1.613152
Car 0 1 -1.630757 645 179 659 190 1.471051 1.596091 3.865517 4.534103 0.4315299 105.9239 -1.587978
Car 0 2 -1.612529 644 179 656 189 1.571396 1.572021 4.042688 4.527817 0.3814117 111.4918 -1.571941
Car 0 2 1.617095 588 182 599 192 1.481957 1.499868 3.577903 -4.401604 0.8400267 117.5888 1.579681
Car 0 2 1.48026 643 179 655 189 1.455476 1.614714 3.60968 4.678345 0.2841301 121.2664 1.51882
Car 0 1 1.688445 590 182 602 191 1.484442 1.564952 4.090225 -4.315268 0.7515136 126.8037 1.654427
Car 0 2 -1.659694 641 179 653 188 1.462216 1.667148 3.889512 4.548344 0.239212 127.0461 -1.623909
Car 0 2 1.614164 593 182 603 190 1.561269 1.630639 3.624328 -4.386421 0.6198392 141.779 1.583236
Car 0 2 -1.651715 639 179 650 188 1.508927 1.600727 3.541442 4.364166 0.1721022 135.6174 -1.619546
Car 0 3 -1.696484 639 179 649 187 1.531034 1.504644 3.336817 4.46526 0.1170053 141.0528 -1.664838
Car 0 2 1.596433 596 182 604 190 1.456842 1.426118 3.51561 -4.254761 0.5660894 146.8719 1.567472
Car 0 3 -0.3204253 823 162 876 184 2.059121 2.073281 4.939535 23.40343 -0.3668826 74.21005 -0.0149303
Car 0 2 -3.004503 570 181 589 190 1.945312 1.892187 4.609375 -9.786976 0.6601942 171.6094 -3.061472
Car 0 0 0.8581323 1109 130 1238 187 2.29979 2.017562 4.728489 24.57587 -0.05562091 32.4356 1.506532
Car 0.6888741 3 -0.851206 0 220 47 261 1.399088 1.6037 3.967162 -23.657 2.769847 26.95973 -1.571447
Car 0.1161469 1 -0.8916247 0 214 109 265 1.494964 1.698646 4.507233 -21.00159 2.622578 26.3475 -1.564595
Car 0 2 -0.9602399 44 210 172 262 1.5 1.558375 4.451755 -18.55008 2.479779 26.53648 -1.570322
