Car 0 0 1.833014 372 198 457 253 1.417371 1.540477 3.504343 -6.235396 1.846734 22.3878 1.56138
Car 0 0 -1.683578 672 178 736 226 1.512623 1.746308 3.775172 2.938486 1.237063 25.92501 -1.570714
Car 0 1 1.799747 426 196 492 238 1.360295 1.513462 4.017023 -6.118182 1.789671 27.96069 1.584329
Car 0 0 1.731689 478 185 527 224 1.73687 1.652467 4.107703 -5.789753 1.694925 36.26773 1.573386
Car 0 1 1.722911 501 186 541 217 1.609242 1.638188 3.998 -5.838588 1.638903 42.89778 1.587637
Car 0 1 1.676727 529 187 559 209 1.431419 1.697305 3.744055 -5.624387 1.528548 53.76355 1.572493
Car 0 0 -1.621768 648 178 668 195 1.546081 1.6639 4.146974 3.865389 0.7385312 75.29945 -1.57048
Car 0 1 -3.269489 695 175 745 193 1.473782 1.69797 4.648869 9.285437 0.4607122 68.14729 -3.134067
Car 0 2 -3.262002 695 170 740 192 1.909038 1.812069 4.330702 9.478643 0.4209782 71.23886 -3.129724
Car 0 1 -1.507597 567 183 586 199 1.632486 1.608983 3.812409 -4.820432 1.247046 79.65974 -1.568036
Car 0 0 1.636028 559 185 579 202 1.430527 1.566407 3.482533 -4.862509 1.348278 68.60062 1.565265
Car 0 3 -3.262672 689 174 730 191 1.630828 1.672862 4.318664 9.482357 0.3655844 77.42698 -3.14081
Car 0 1 1.612945 575 183 590 196 1.530483 1.680223 3.862273 -4.763422 1.142812 90.95012 1.560619
Car 0 2 1.634516 579 184 593 195 1.420148 1.552787 3.85067 -4.621031 1.084756 96.4565 1.586645
Car 0 2 1.602646 582 184 594 195 1.427379 1.478135 3.709917 -4.59293 1.039556 101.3286 1.55735
Car 0 2 1.604095 583 183 596 194 1.400546 1.647438 4.024915 -4.598837 0.9865255 107.3195 1.561269
Car 0 1 3.03969 680 175 708 188 1.639204 1.585631 3.989951 10.41787 0.07798362 103.0773 3.140417
Car 0 3 3.018305 682 175 702 187 1.719717 1.682953 2.781201 10.43925 0.0534544 105.6779 3.116769
Car 0 2 3.024835 676 175 700 188 1.674444 1.672834 3.425593 10.05474 0.05707622 107.9901 3.117675
Car 0 2 -0.2423215 774 169 807 182 1.532222 1.85 4.267781 23.95119 -0.7690039 102.4171 -0.01259072
Car 0 3 -0.2280264 770 169 803 182 1.665556 1.85 4.490002 24.01446 -0.7977402 105.1935 -0.003584224
Car 0 3 -0.2380114 769 170 803 182 1.532222 1.85 4.943336 24.61224 -0.8610566 108.0704 -0.01408812
Car 0 3 -0.2519509 767 169 801 182 1.567778 1.85 4.916665 24.91632 -0.9026222 110.5836 -0.03033502
Car 0 2 3.040876 672 176 696 188 1.56902 1.615801 3.690002 9.616989 0.05917072 110.85 3.127416
Car 0 2 1.651254 586 183 599 193 1.426384 1.614783 4.125178 -4.398365 0.9063392 114.8979 1.612992
Car 0 1 -1.630273 645 179 658 190 1.471051 1.596091 3.865517 4.601521 0.3909061 109.0932 -1.588118
Car 0 2 -1.612134 644 179 656 189 1.571396 1.572021 4.042688 4.594437 0.3417213 114.6611 -1.572086
Car 0 2 1.615398 589 183 600 192 1.481957 1.499868 3.577903 -4.332937 0.8499868 120.7572 1.579532
Car 0 2 1.48059 642 179 654 188 1.455476 1.614714 3.60968 4.743492 0.2451975 124.4358 1.518692
Car 0 1 1.686927 591 182 603 191 1.484442 1.564952 4.090225 -4.247971 0.7624913 129.9721 1.654255
Car 0 2 -1.659445 641 179 652 188 1.462216 1.667148 3.889512 4.612686 0.2019217 130.2154 -1.624036
Car 0 2 1.61289 594 182 604 190 1.561269 1.630639 3.624328 -4.321274 0.6336229 144.9474 1.583086
Car 0 2 -1.651565 639 179 649 188 1.508927 1.600727 3.541442 4.427319 0.1371999 138.7867 -1.619676
Car 0 3 -1.696336 638 179 649 187 1.531034 1.504644 3.336817 4.527596 0.08242965 144.2221 -1.664953
Car 0 2 1.595248 597 182 604 190 1.456842 1.426118 3.51561 -4.190411 0.579978 150.0402 1.567327
Car 0 2 -3.00597 571 181 590 190 1.945312 1.892187 4.609375 -9.7244 0.7082288 174.7773 -3.061552
Car 0 0 0.9009298 1069 132 1181 183 2.29979 2.017562 4.728489 24.64741 -0.2173409 35.6069 1.506408
Car 0.6007823 2 -0.8584383 0 222 52 260 1.429688 1.8 3.960938 -26.01465 3.024637 30.08247 -1.571449
Car 0 1 -0.9077098 0 219 106 262 1.399088 1.6037 3.967162 -23.56883 2.870114 30.12589 -1.571592
Car 0 1 -0.948254 41 213 162 260 1.494964 1.698646 4.507233 -20.9142 2.708274 29.51395 -1.564743
Car 0 2 -1.014316 112 210 218 255 1.5 1.558375 4.451755 -18.46352 2.552145 29.70319 -1.570468
