Car 0 0 -1.674234 664 183 731 235 1.546081 1.6639 4.146974 2.46975 1.421532 23.84359 -1.571021
Car 0 0 -3.576888 854 173 1083 247 1.473782 1.69797 4.648869 7.899593 1.230165 16.69602 -3.134956
Car 0 1 -3.518777 830 158 1011 236 1.909038 1.812069 4.330702 8.091339 1.205767 19.78785 -3.130618
Car 0 0 -1.351188 425 189 491 236 1.632486 1.608983 3.812409 -6.22792 1.765501 28.19633 -1.568575
Car 0 1 1.91516 287 201 410 274 1.430527 1.566407 3.482533 -6.264054 1.825361 17.13689 1.564718
Car 0 1 2.839515 783 172 913 223 1.630828 1.672862 4.318664 8.0917 1.17311 25.97612 3.141493
Car 0 1 1.715239 484 189 528 220 1.530483 1.680223 3.862273 -6.176962 1.703796 39.48705 1.560067
Car 0 1 1.719506 505 190 540 215 1.420148 1.552787 3.85067 -6.037396 1.668862 44.99369 1.58612
Car 0 1 1.676776 518 189 547 212 1.427379 1.478135 3.709917 -6.01191 1.642087 49.86595 1.556794
Car 0 1 1.668097 528 189 556 209 1.400546 1.647438 4.024915 -6.021065 1.610871 55.85699 1.560718
Car 0 1 2.966677 719 177 776 202 1.639204 1.585631 3.989951 9.014347 0.9988795 51.62797 3.139537
Car 0 3 2.950833 722 176 762 201 1.719717 1.682953 2.781201 9.034346 0.9843178 54.22866 3.115914
Car 0 2 2.965041 709 177 755 200 1.674444 1.672834 3.425593 8.648172 0.9884151 56.5405 3.11682
Car 0 0 -0.6494633 1063 158 1185 201 1.736666 1.796667 4.374446 22.37198 0.5373191 32.29847 -0.04367791
Car 0 1 -0.5320376 1021 164 1137 199 1.55 1.85 4.65 22.43809 0.5170591 35.61067 0.0302168
Car 0 3 2.989232 698 179 744 200 1.56902 1.615801 3.690002 8.208378 0.9918847 59.40015 3.12655
Car 0 1 1.704056 541 188 567 205 1.426384 1.614783 4.125178 -5.824484 1.562602 63.43576 1.612495
Car 0 1 -1.643939 649 183 674 203 1.471051 1.596091 3.865517 3.188396 1.212953 57.63882 -1.588678
Car 0 2 -1.62287 647 182 668 201 1.571396 1.572021 4.042688 3.178276 1.18401 63.20688 -1.572629
Car 0 1 1.661963 550 187 570 203 1.481957 1.499868 3.577903 -5.762159 1.529066 69.29526 1.579
Car 0 2 1.472604 644 183 664 198 1.455476 1.614714 3.60968 3.322199 1.126378 72.98194 1.518094
Car 0 1 1.726047 558 186 578 201 1.484442 1.564952 4.090225 -5.682086 1.47708 78.5105 1.6538
Car 0 1 -1.665092 641 183 660 197 1.462216 1.667148 3.889512 3.188131 1.101547 78.76158 -1.624636
Car 0 1 1.644131 568 185 584 198 1.561269 1.630639 3.624328 -5.763578 1.401525 93.48608 1.582558
Car 0 2 -1.654584 638 183 654 196 1.508927 1.600727 3.541442 2.997917 1.06436 87.33299 -1.62027
Car 0 3 -1.698951 637 183 653 195 1.531034 1.504644 3.336817 3.095354 1.031578 92.76863 -1.665597
Car 0 2 1.623885 573 186 586 197 1.456842 1.426118 3.51561 -5.635321 1.36925 98.57922 1.566782
Car 0.46304 0 -0.7213524 1150 146 1241 207 2.059121 2.073281 4.939535 22.09392 0.5825744 25.94276 -0.01590629
Car 0 2 -2.972028 541 183 569 196 1.945312 1.892187 4.609375 -11.18876 1.473074 123.312 -3.062516
Car 0.01745707 0 2.012489 95 212 397 374 1.414443 1.655112 3.354591 -3.869229 1.771616 8.172479 1.57031
