Car 0 1 1.995404 179 208 351 298 1.431419 1.697305 3.744055 -7.051534 1.955671 14.86972 1.552591
Car 0 0 -1.645223 640 179 682 213 1.546081 1.6639 4.146974 2.008768 1.213427 36.59148 -1.590381
Car 0 1 2.8783 747 170 868 214 1.473782 1.69797 4.648869 7.570631 0.9342346 29.54909 3.129111
Car 0 2 2.901742 741 162 844 210 1.909038 1.812069 4.330702 7.702298 0.8993821 32.64395 3.133453
Car 0 2 -1.423581 478 187 520 220 1.632486 1.608983 3.812409 -6.762991 1.713681 40.77717 -1.587938
Car 0 3 1.763413 429 194 487 235 1.430527 1.566407 3.482533 -6.584986 1.798548 29.71927 1.545363
Car 0 2 2.929517 721 170 805 205 1.630828 1.672862 4.318664 7.582857 0.8531114 38.83099 3.122368
Car 0 1 1.673051 508 187 539 211 1.530483 1.680223 3.862273 -6.930675 1.626177 52.06659 1.540717
Car 0 1 1.685983 520 188 547 208 1.420148 1.552787 3.85067 -6.897879 1.576474 57.5748 1.566745
Car 0 2 1.648551 528 187 550 206 1.427379 1.478135 3.709917 -6.966737 1.5385 62.44656 1.537447
Car 0 1 1.644626 534 187 556 203 1.400546 1.647438 4.024915 -7.091861 1.494286 68.43623 1.541367
Car 0 0 2.996881 688 174 734 195 1.639204 1.585631 3.989951 8.007832 0.6048825 64.4953 3.12041
Car 0 2 2.978423 691 174 723 194 1.719717 1.682953 2.781201 7.977465 0.5842209 67.09586 3.096764
Car 0 2 2.98935 681 174 718 194 1.674444 1.672834 3.425593 7.546982 0.5905988 69.39984 3.097671
Car 0 1 -0.5089352 927 156 1008 188 1.736666 1.796667 4.374446 21.72405 -0.068892 45.42489 -0.06284573
Car 0 1 -0.4082124 905 160 984 187 1.55 1.85 4.65 21.72596 -0.09769583 48.73769 0.01112108
Car 0 1 -0.3569331 838 165 892 185 1.532222 1.85 4.267781 21.55301 -0.2201972 64.10591 -0.03259629
Car 0 2 -0.3354408 828 165 881 185 1.665556 1.85 4.490002 21.56102 -0.2447357 66.88313 -0.02359076
Car 0 3 -0.3408636 823 166 878 185 1.532222 1.85 4.943336 22.10149 -0.302803 69.77145 -0.03409353
Car 0 3 -0.3502576 818 166 872 185 1.567778 1.85 4.916665 22.35554 -0.340152 72.29021 -0.05033896
Car 0 2 3.01011 673 176 710 194 1.56902 1.615801 3.690002 7.052343 0.5961672 72.25052 3.107411
Car 0 1 1.685471 543 186 564 201 1.426384 1.614783 4.125178 -7.042233 1.425603 76.01722 1.593095
Car 0 1 -1.637452 632 181 652 197 1.471051 1.596091 3.865517 2.072327 0.9168346 70.39364 -1.608021
Car 0 2 -1.617711 630 180 648 196 1.571396 1.572021 4.042688 1.954433 0.875841 75.96039 -1.591987
Car 0 2 1.646051 549 185 566 200 1.481957 1.499868 3.577903 -7.093415 1.377994 81.87673 1.559632
Car 0 2 1.476523 628 181 646 194 1.455476 1.614714 3.60968 1.908949 0.7939702 85.73622 1.498785
Car 0 1 1.713149 554 185 572 198 1.484442 1.564952 4.090225 -7.191837 1.304219 91.09164 1.63436
Car 0 2 -1.662115 626 181 642 193 1.462216 1.667148 3.889512 1.663151 0.7589879 91.51215 -1.643943
Car 0 1 1.634374 562 184 576 195 1.561269 1.630639 3.624328 -7.56315 1.197289 106.0627 1.563186
Car 0 2 -1.652643 623 181 638 192 1.508927 1.600727 3.541442 1.307222 0.7065809 100.0782 -1.639582
Car 0 3 -1.697177 623 180 637 191 1.531034 1.504644 3.336817 1.299328 0.6599882 105.5146 -1.684864
Car 0 2 1.615096 566 184 577 195 1.456842 1.426118 3.51561 -7.533632 1.151369 111.1572 1.547425
Car 0 1 -0.53953 967 145 1077 189 2.059121 2.073281 4.939535 21.56935 -0.004359365 39.06514 -0.03504683
Car 0 2 -2.982032 536 183 561 194 1.945312 1.892187 4.609375 -13.55938 1.306708 135.7789 -3.081566
Car 0 0 1.810444 367 199 501 281 1.406945 1.755342 4.396943 -3.934242 1.753974 16.14424 1.57141
Car 0 1 1.738002 461 193 529 241 1.414443 1.655112 3.354591 -4.238382 1.695968 24.99109 1.570005
