Car 0.6677057 0 2.291395 0 218 174 374 1.530483 1.680223 3.862273 -6.254179 1.941199 6.941296 1.558022
Car 0 0 2.041388 142 208 351 319 1.420148 1.552787 3.85067 -6.126015 1.883131 12.44802 1.584058
Car 0 1 1.893917 298 201 417 275 1.427379 1.478135 3.709917 -6.11054 1.837274 17.32018 1.554751
Car 0 0 1.815896 382 197 469 249 1.400546 1.647438 4.024915 -6.131981 1.78317 23.31103 1.558672
Car 0 0 2.701825 874 158 1048 230 1.639204 1.585631 3.989951 8.901587 0.9744139 19.10858 3.137775
Car 0 2 2.72443 862 159 977 222 1.719717 1.682953 2.781201 8.916235 0.9495765 21.70923 3.114136
Car 0 1 2.773981 820 162 938 219 1.674444 1.672834 3.425593 8.525586 0.9502623 24.02032 3.115043
Car 0.9628875 1 -0.7798808 1219 149 1241 194 1.532222 1.85 4.943336 23.08855 0.1281397 24.13917 -0.01672472
Car 0.6176353 0 -0.7531701 1173 148 1241 193 1.567778 1.85 4.916665 23.38624 0.08814573 26.6531 -0.03296526
Car 0 1 2.83276 785 168 894 216 1.56902 1.615801 3.690002 8.080232 0.9489753 26.87912 3.12478
Car 0 1 1.800739 447 192 510 231 1.426384 1.614783 4.125178 -5.951088 1.702996 30.88991 1.610416
Car 0 0 -1.712278 678 180 743 227 1.471051 1.596091 3.865517 3.067374 1.247931 25.10901 -1.590718
Car 0 1 -1.673643 669 177 718 218 1.571396 1.572021 4.042688 3.045843 1.197738 30.67688 -1.574679
Car 0 1 1.736153 481 189 525 222 1.481957 1.499868 3.577903 -5.900832 1.646063 36.74935 1.576943
Car 0 1 1.437883 658 180 698 208 1.455476 1.614714 3.60968 3.169602 1.100509 40.4519 1.516078
Car 0 0 1.778066 508 187 547 213 1.484442 1.564952 4.090225 -5.839725 1.557536 45.96445 1.651694
Car 0 1 -1.691963 651 180 686 205 1.462216 1.667148 3.889512 3.023771 1.055371 46.23115 -1.626651
Car 0 1 1.677858 537 185 562 205 1.561269 1.630639 3.624328 -5.951893 1.425597 60.93946 1.580498
Car 0 2 -1.67363 644 179 672 201 1.508927 1.600727 3.541442 2.816093 0.9879457 54.80196 -1.622288
Car 0 3 -1.715727 643 179 668 199 1.531034 1.504644 3.336817 2.902321 0.9328978 60.23762 -1.667583
Car 0 2 1.652857 546 185 566 203 1.456842 1.426118 3.51561 -5.834176 1.371935 66.03266 1.564733
Car 0 3 -1.63125 646 181 666 197 1.393046 1.452511 3.435073 3.212349 0.8644278 65.76041 -1.582439
Car 0 2 -2.938893 510 182 548 199 1.945312 1.892187 4.609375 -11.43448 1.459409 90.75494 -3.064225
