Car 0 0 2.048887 99 208 338 335 1.530483 1.680223 3.862273 -6.117469 1.951725 11.63536 1.56484
Car 0 1 1.925068 296 205 425 280 1.420148 1.552787 3.85067 -5.951769 1.919527 17.1413 1.590874
Car 0 1 1.823564 380 200 464 256 1.427379 1.478135 3.709917 -5.90308 1.896595 22.0134 1.561569
Car 0 1 1.772576 432 197 499 240 1.400546 1.647438 4.024915 -5.883677 1.870692 28.00444 1.56549
Car 0 0 -3.506175 833 165 969 223 1.639204 1.585631 3.989951 9.120617 1.036871 23.70344 -3.138857
Car 0 2 2.785824 828 166 919 218 1.719717 1.682953 2.781201 9.152994 1.024268 26.30402 3.120689
Car 0 1 2.823968 795 168 892 216 1.674444 1.672834 3.425593 8.778116 1.035968 28.61769 3.121595
Car 0.6455554 0 -0.7225639 1178 149 1241 198 1.665556 1.85 4.490002 22.73113 0.2558136 25.76649 0.0003281143
Car 0.2354004 1 -0.693967 1134 152 1241 196 1.532222 1.85 4.943336 23.34129 0.209282 28.6411 -0.01017186
Car 0 1 -0.6758711 1101 151 1241 194 1.567778 1.85 4.916665 23.6561 0.1810147 31.15311 -0.02641307
Car 0 1 2.871983 767 173 860 214 1.56902 1.615801 3.690002 8.352271 1.048291 31.47943 3.131332
Car 0 1 1.774734 478 194 530 227 1.426384 1.614783 4.125178 -5.651127 1.826123 35.58221 1.617231
Car 0 0 -1.695317 676 183 729 223 1.471051 1.596091 3.865517 3.327554 1.34068 29.74216 -1.5839
Car 0 1 -1.662283 669 181 711 216 1.571396 1.572021 4.042688 3.343979 1.316698 35.31023 -1.567862
Car 0 1 1.71715 504 191 541 220 1.481957 1.499868 3.577903 -5.560925 1.796749 41.44138 1.583759
Car 0 2 1.444663 660 183 695 208 1.455476 1.614714 3.60968 3.534375 1.265429 45.08452 1.522897
Car 0 0 1.765427 525 190 559 213 1.484442 1.564952 4.090225 -5.436997 1.751569 50.65616 1.658505
Car 0 1 -1.687123 654 183 686 206 1.462216 1.667148 3.889512 3.427947 1.247541 50.86477 -1.619831
Car 0 1 1.670119 548 188 572 206 1.561269 1.630639 3.624328 -5.447069 1.690145 65.63203 1.587314
Car 0 2 -1.670576 648 183 673 202 1.508927 1.600727 3.541442 3.278711 1.220525 59.43702 -1.615469
Car 0 3 -1.713157 647 182 670 201 1.531034 1.504644 3.336817 3.401991 1.191028 64.87216 -1.660764
Car 0 2 1.646274 557 188 575 204 1.456842 1.426118 3.51561 -5.294637 1.660412 70.72452 1.57155
Car 0 3 -1.628838 650 184 669 199 1.393046 1.452511 3.435073 3.749649 1.148441 70.39297 -1.575621
Car 0 2 -2.9458 521 185 557 202 1.945312 1.892187 4.609375 -10.72617 1.866204 95.4837 -3.057666
