Car 0.1759829 0 -2.077259 829 183 1241 374 1.404795 1.612032 3.772344 2.969439 1.406196 5.355094 -1.570962
Car 0 0 -1.750263 739 181 885 290 1.413269 1.567278 3.158158 2.921586 1.363284 11.4877 -1.50122
Car 0 0 1.94637 269 203 408 289 1.527328 1.555003 3.576751 -6.006355 1.953285 15.97219 1.586679
Car 0 0 1.715841 485 192 526 223 1.417371 1.540477 3.504343 -6.055082 1.785667 38.64686 1.560428
Car 0 1 -1.645276 656 179 693 208 1.512623 1.746308 3.775172 3.111249 1.118435 42.19324 -1.571671
Car 0 1 1.716967 504 192 540 217 1.360295 1.513462 4.017023 -5.943253 1.735818 44.21993 1.583365
Car 0 0 1.679069 526 185 558 211 1.73687 1.652467 4.107703 -5.622921 1.650776 52.52739 1.572428
Car 0 2 1.682362 537 186 564 208 1.609242 1.638188 3.998 -5.678082 1.604623 59.15747 1.586673
Car 0 1 1.649555 552 187 575 203 1.431419 1.697305 3.744055 -5.474375 1.508432 70.02357 1.571535
Car 0 0 -1.614988 644 179 660 193 1.546081 1.6639 4.146974 3.990477 0.6845828 91.56917 -1.571437
Car 0 1 -3.246123 682 176 722 191 1.473782 1.69797 4.648869 9.414909 0.3594644 84.42233 -3.13506
Car 0 2 -3.240032 682 172 718 190 1.909038 1.812069 4.330702 9.605074 0.3228571 87.51413 -3.130715
Car 0 1 -1.520081 578 183 592 197 1.632486 1.608983 3.812409 -4.695564 1.258683 95.92085 -1.568995
Car 0 0 1.619956 572 185 588 199 1.430527 1.566407 3.482533 -4.727041 1.344298 84.86157 1.564311
Car 0 3 3.039253 678 175 712 190 1.630828 1.672862 4.318664 9.602856 0.2763379 93.70232 3.141379
Car 0 2 1.603006 582 184 596 195 1.530483 1.680223 3.862273 -4.649385 1.170298 107.2114 1.559667
Car 0 2 1.625691 585 184 598 194 1.420148 1.552787 3.85067 -4.512321 1.119188 112.718 1.58568
Car 0 2 1.594555 588 184 598 194 1.427379 1.478135 3.709917 -4.488914 1.080803 117.5902 1.556399
Car 0 1 1.596718 589 184 600 193 1.400546 1.647438 4.024915 -4.500546 1.036429 123.5811 1.560317
Car 0 2 3.05156 672 176 697 187 1.639204 1.585631 3.989951 10.5134 0.01923776 119.3539 3.13942
Car 0 3 3.029612 675 176 692 187 1.719717 1.682953 2.781201 10.53229 -0.001697302 121.9546 3.115761
Car 0 2 3.035203 670 176 690 187 1.674444 1.672834 3.425593 10.14574 0.007875204 124.2663 3.116668
Car 0 3 3.050216 666 177 687 187 1.56902 1.615801 3.690002 9.705444 0.01707268 127.1259 3.126413
Car 0 2 1.644845 591 184 603 192 1.426384 1.614783 4.125178 -4.307421 0.9657726 131.1598 1.612016
Car 0 1 -1.626492 642 180 654 189 1.471051 1.596091 3.865517 4.693951 0.3805318 125.364 -1.589067
Car 0 2 -1.608782 642 180 652 189 1.571396 1.572021 4.042688 4.681534 0.3394029 130.932 -1.573042
Car 0 2 1.609561 593 183 603 192 1.481957 1.499868 3.577903 -4.247623 0.9174001 137.0193 1.578571
Car 0 2 1.483508 640 180 651 188 1.455476 1.614714 3.60968 4.821167 0.2559192 140.7069 1.517759
Car 0 1 1.681777 595 183 605 191 1.484442 1.564952 4.090225 -4.17152 0.842577 146.2344 1.653259
Car 0 2 -1.65694 639 180 649 188 1.462216 1.667148 3.889512 4.684891 0.2218482 146.4865 -1.624969
Car 0 2 1.608537 597 183 606 190 1.561269 1.630639 3.624328 -4.259121 0.7357464 161.2097 1.582123
Car 0 2 -1.649568 637 180 647 188 1.508927 1.600727 3.541442 4.491398 0.1707196 155.0577 -1.62061
Car 0 3 -1.694436 637 180 646 187 1.531034 1.504644 3.336817 4.586433 0.1230814 160.4933 -1.665866
Car 0 3 1.59122 599 183 606 190 1.456842 1.426118 3.51561 -4.133183 0.6885321 166.3028 1.566372
Car 0 1 -0.2626891 783 164 824 182 2.059121 2.073281 4.939535 23.58346 -0.7002945 93.67056 -0.01604499
Car 0 3 -3.011839 575 182 593 191 1.945312 1.892187 4.609375 -9.688328 0.8901503 191.0346 -3.062511
Car 0 2 -1.105385 225 209 282 236 1.399088 1.6037 3.967162 -23.38805 2.938544 46.36777 -1.572549
Car 0 0 -1.140257 260 205 320 234 1.494964 1.698646 4.507233 -20.73405 2.757696 45.75846 -1.565702
Car 0 2 -1.192709 304 202 357 230 1.5 1.558375 4.451755 -18.28466 2.585104 45.95015 -1.571425
