Car 0.003616631 0 -1.898449 744 180 1055 374 1.512623 1.746308 3.775172 2.554426 1.458608 7.562753 -1.572716
Car 0.06135261 0 2.179638 0 215 260 361 1.360295 1.513462 4.017023 -6.515681 1.831314 9.579399 1.58234
Car 0 0 1.905225 296 185 425 268 1.73687 1.652467 4.107703 -6.203545 1.727734 17.88696 1.571386
Car 0 1 1.835865 390 187 473 241 1.609242 1.638188 3.998 -6.26571 1.658613 24.51677 1.585653
Car 0 1 1.740474 470 188 520 221 1.431419 1.697305 3.744055 -6.073044 1.532513 35.38277 1.570492
Car 0 0 -1.631835 651 178 677 199 1.546081 1.6639 4.146974 3.383423 0.8876297 56.93815 -1.572482
Car 0 0 -3.311536 715 175 784 199 1.473782 1.69797 4.648869 8.823395 0.728348 49.7975 -3.136171
Car 0 1 -3.300579 714 169 775 197 1.909038 1.812069 4.330702 9.010612 0.6867073 52.88942 -3.131832
Car 0 2 -1.483437 545 182 569 202 1.632486 1.608983 3.812409 -5.320101 1.219197 61.28012 -1.570036
Car 0 1 1.66919 528 185 558 207 1.430527 1.566407 3.482533 -5.340079 1.339876 50.22114 1.563257
Car 0 2 2.989066 705 173 758 195 1.630828 1.672862 4.318664 9.001936 0.6200461 59.07742 3.140278
Car 0 3 1.631312 557 182 578 198 1.530483 1.680223 3.862273 -5.285637 1.095383 72.5704 1.558606
Car 0 2 1.650577 564 183 582 197 1.420148 1.552787 3.85067 -5.15413 1.030006 78.07697 1.584659
Car 0 2 1.617169 568 182 583 196 1.427379 1.478135 3.709917 -5.135763 0.9764248 82.94904 1.555333
Car 0 1 1.617138 571 182 587 195 1.400546 1.647438 4.024915 -5.153667 0.9123018 88.93979 1.559257
Car 0 1 3.022157 688 175 723 190 1.639204 1.585631 3.989951 9.88706 0.30364 84.72922 3.138322
Car 0 3 3.001781 691 174 715 189 1.719717 1.682953 2.781201 9.903255 0.2747612 87.32982 3.114699
Car 0 2 3.009869 684 175 712 189 1.674444 1.672834 3.425593 9.513723 0.2666665 89.64108 3.115605
Car 0 1 -0.3866834 852 166 906 187 1.736666 1.796667 4.374446 23.27216 -0.06939352 65.41682 -0.04489367
Car 0 2 -0.2982874 840 168 894 186 1.55 1.85 4.65 23.33342 -0.1079413 68.72896 0.02900212
Car 0 1 -0.2864513 803 170 843 185 1.532222 1.85 4.267781 23.4357 -0.2788861 84.09734 -0.01467318
Car 0 3 -0.2697906 797 169 837 185 1.665556 1.85 4.490002 23.49347 -0.3114793 86.8739 -0.005676314
Car 0 3 -0.2783543 794 170 837 184 1.532222 1.85 4.943336 24.08611 -0.3684396 89.75198 -0.01616896
Car 0 3 -0.2907867 792 170 833 184 1.567778 1.85 4.916665 24.38548 -0.4086952 92.26572 -0.03239872
Car 0 2 3.027596 677 176 707 189 1.56902 1.615801 3.690002 9.069782 0.255005 92.50008 3.125336
Car 0 1 1.662463 575 182 591 193 1.426384 1.614783 4.125178 -4.968168 0.8221278 96.51846 1.611034
Car 0 1 -1.634775 646 179 661 191 1.471051 1.596091 3.865517 4.052656 0.4923989 90.73273 -1.590139
Car 0 2 -1.615959 644 178 658 190 1.571396 1.572021 4.042688 4.034409 0.432873 96.30052 -1.574089
Car 0 2 1.625505 579 181 592 192 1.481957 1.499868 3.577903 -4.914402 0.7563113 102.3778 1.577539
Car 0 2 1.477399 642 179 656 189 1.455476 1.614714 3.60968 4.164045 0.3213371 106.0753 1.516634
Car 0 1 1.695754 582 181 596 191 1.484442 1.564952 4.090225 -4.847807 0.6535827 111.5927 1.652339
Car 0 2 -1.662033 640 179 654 189 1.462216 1.667148 3.889512 4.021538 0.264926 111.8545 -1.626095
Car 0 2 1.620196 587 180 598 190 1.561269 1.630639 3.624328 -4.951166 0.4958471 126.5675 1.581097
Car 0 2 -1.65343 638 178 650 188 1.508927 1.600727 3.541442 3.818806 0.1808918 120.4253 -1.62173
Car 0 3 -1.698097 638 178 649 187 1.531034 1.504644 3.336817 3.90831 0.118112 125.8608 -1.667055
Car 0 3 1.601993 590 181 599 189 1.456842 1.426118 3.51561 -4.83036 0.4354155 131.6606 1.565321
Car 0 2 -0.3885304 869 160 938 188 2.059121 2.073281 4.939535 23.0034 0.01115382 59.06106 -0.01712141
Car 0 2 -2.997202 562 179 583 189 1.945312 1.892187 4.609375 -10.4196 0.4106888 156.3855 -3.063731
Car 0 0 1.667744 546 184 582 209 1.406945 1.755342 4.396943 -3.493235 1.30834 45.71642 1.591482
