Car 0.6102193 0 2.278243 0 201 171 374 1.73687 1.652467 4.107703 -6.779388 1.962502 7.649739 1.553091
Car 0 0 2.021089 159 198 346 302 1.609242 1.638188 3.998 -6.962781 1.903006 14.2774 1.567347
Car 0 1 1.822564 376 195 456 244 1.431419 1.697305 3.744055 -6.969069 1.788486 25.14524 1.552198
Car 0 0 -1.635224 637 178 669 204 1.546081 1.6639 4.146974 2.084673 1.037287 46.86942 -1.590775
Car 0 0 2.93903 717 172 804 204 1.473782 1.69797 4.648869 7.650452 0.7910857 39.8289 3.128802
Car 0 2 2.953817 714 165 791 202 1.909038 1.812069 4.330702 7.780939 0.7508534 42.92375 3.133144
Car 0 2 -1.458021 509 184 540 210 1.632486 1.608983 3.812409 -6.690564 1.498581 51.05231 -1.588331
Car 0 1 1.706281 482 189 521 218 1.430527 1.566407 3.482533 -6.508212 1.604966 39.99466 1.544968
Car 0 2 2.967352 701 171 767 199 1.630828 1.672862 4.318664 7.659061 0.6924733 49.11063 3.122061
Car 0 1 1.649961 528 185 553 204 1.530483 1.680223 3.862273 -6.862678 1.38916 62.34147 1.54032
Car 0 1 1.666709 536 185 558 202 1.420148 1.552787 3.85067 -6.832026 1.329168 67.84958 1.566354
Car 0 2 1.631688 542 185 561 200 1.427379 1.478135 3.709917 -6.902801 1.281747 72.72124 1.53705
Car 0 1 1.630052 546 185 565 199 1.400546 1.647438 4.024915 -7.030279 1.225777 78.71075 1.540971
Car 0 1 3.01254 679 174 719 192 1.639204 1.585631 3.989951 8.074125 0.397272 74.7746 3.120103
Car 0 3 2.99289 682 173 710 191 1.719717 1.682953 2.781201 8.042732 0.3715906 77.3751 3.096463
Car 0 2 3.002134 674 174 706 191 1.674444 1.672834 3.425593 7.611269 0.3720928 79.67891 3.097369
Car 0 1 -0.4361552 872 160 937 186 1.736666 1.796667 4.374446 21.80065 -0.1919242 55.70882 -0.06314334
Car 0 2 -0.343026 857 163 920 185 1.55 1.85 4.65 21.80127 -0.2269783 59.02155 0.01080682
Car 0 1 -0.3157699 809 167 854 184 1.532222 1.85 4.267781 21.6223 -0.3791208 74.38945 -0.03290051
Car 0 2 -0.297177 801 166 847 184 1.665556 1.85 4.490002 21.62923 -0.4088774 77.16663 -0.02389712
Car 0 3 -0.3045459 798 167 846 183 1.532222 1.85 4.943336 22.16869 -0.4704869 80.05505 -0.03439746
Car 0 2 -0.3157826 795 167 841 183 1.567778 1.85 4.916665 22.4218 -0.511694 82.57385 -0.05063934
Car 0 2 3.021103 667 175 700 191 1.56902 1.615801 3.690002 7.115408 0.3705251 82.52939 3.107107
Car 0 1 1.673464 553 184 571 197 1.426384 1.614783 4.125178 -6.983595 1.142951 86.29162 1.59271
Car 0 1 -1.634879 631 179 649 193 1.471051 1.596091 3.865517 2.135069 0.6770705 80.67099 -1.608419
Car 0 2 -1.615743 630 178 646 192 1.571396 1.572021 4.042688 2.014982 0.6251444 86.23759 -1.592382
Car 0 2 1.635456 558 183 572 196 1.481957 1.499868 3.577903 -7.037073 1.084092 92.15102 1.559239
Car 0 2 1.477909 628 179 643 191 1.455476 1.614714 3.60968 1.965679 0.5246472 96.01323 1.498379
Car 0 1 1.704298 562 183 577 194 1.484442 1.564952 4.090225 -7.139103 0.9925623 101.3657 1.633985
Car 0 2 -1.661221 625 179 641 190 1.462216 1.667148 3.889512 1.717583 0.4778849 101.789 -1.644349
Car 0 2 1.627313 568 182 580 192 1.561269 1.630639 3.624328 -7.516327 0.85604 116.3363 1.562794
Car 0 2 -1.652294 623 179 636 190 1.508927 1.600727 3.541442 1.358236 0.4080373 110.3548 -1.639987
Car 0 3 -1.696921 623 179 636 189 1.531034 1.504644 3.336817 1.348217 0.3511479 115.7911 -1.685278
Car 0 2 1.608624 571 182 581 192 1.456842 1.426118 3.51561 -7.488794 0.800601 121.4308 1.54703
Car 0 0 -0.4487496 897 153 981 187 2.059121 2.073281 4.939535 21.6484 -0.115926 49.34914 -0.03535058
Car 0 2 -2.989547 542 181 565 192 1.945312 1.892187 4.609375 -13.5254 0.8881006 146.0502 -3.081891
Car 0 0 1.72455 490 189 551 229 1.406945 1.755342 4.396943 -4.032438 1.567047 30.0899 1.59133
