Car 0 1 2.123625 16 214 302 357 1.420148 1.552787 3.85067 -6.117102 1.91492 10.23224 1.584805
Car 0 1 1.939211 245 204 391 291 1.427379 1.478135 3.709917 -6.097984 1.871526 15.10441 1.5555
Car 0 0 1.841561 356 199 454 258 1.400546 1.647438 4.024915 -6.114942 1.820489 21.0953 1.559421
Car 0 0 2.652661 906 154 1108 237 1.639204 1.585631 3.989951 8.91463 0.9947332 16.88189 3.138503
Car 0 2 2.685028 889 156 1020 228 1.719717 1.682953 2.781201 8.931222 0.9712036 19.48254 3.114863
Car 0 1 2.742214 840 161 973 224 1.674444 1.672834 3.425593 8.542324 0.9734509 21.79392 3.115769
Car 0.972404 1 -0.796482 1222 148 1241 193 1.567778 1.85 4.916665 23.40411 0.09798121 24.41589 -0.03223892
Car 0 1 2.80809 800 167 920 219 1.56902 1.615801 3.690002 8.099133 0.9740579 24.65306 3.125507
Car 0 1 1.81504 433 193 502 236 1.426384 1.614783 4.125178 -5.92839 1.74399 28.67408 1.611161
Car 0 0 -1.723966 684 180 757 233 1.471051 1.596091 3.865517 3.085237 1.27707 22.88659 -1.589969
Car 0 1 -1.681333 673 177 727 222 1.571396 1.572021 4.042688 3.06787 1.229729 28.4545 -1.573931
Car 0 1 1.746166 472 190 519 225 1.481957 1.499868 3.577903 -5.873754 1.689987 34.53351 1.57769
Car 0 1 1.433347 661 180 703 210 1.455476 1.614714 3.60968 3.198938 1.137347 38.22947 1.516829
Car 0 0 1.784373 502 188 544 216 1.484442 1.564952 4.090225 -5.805753 1.606085 43.74861 1.652437
Car 0 1 -1.695261 653 180 690 206 1.462216 1.667148 3.889512 3.057439 1.095293 44.00885 -1.625899
Car 0 1 1.681493 534 185 560 206 1.561269 1.630639 3.624328 -5.906713 1.481871 58.72375 1.581245
Car 0 2 -1.675805 646 180 675 202 1.508927 1.600727 3.541442 2.856186 1.032431 52.57985 -1.621537
Car 0 2 -1.717573 645 179 671 200 1.531034 1.504644 3.336817 2.94647 0.9800613 58.01546 -1.666829
Car 0 1 1.655887 544 186 565 204 1.456842 1.426118 3.51561 -5.785195 1.430683 63.81689 1.565481
Car 0 3 1.019482 496 186 524 200 1.615665 1.839667 4.097933 -14.89863 1.661707 97.43639 0.8677509
Car 0 2 -2.935816 508 182 547 200 1.945312 1.892187 4.609375 -11.36668 1.536264 88.54335 -3.063492
