Car 0 0 1.966442 227 203 377 288 1.417371 1.540477 3.504343 -6.389746 1.810622 14.98967 1.56349
Car 0 0 -1.71871 686 179 781 247 1.512623 1.746308 3.775172 2.799405 1.338695 18.50825 -1.568596
Car 0 0 1.882012 344 198 445 257 1.360295 1.513462 4.017023 -6.260629 1.750304 20.56226 1.586458
Car 0 0 1.777581 436 184 502 233 1.73687 1.652467 4.107703 -5.914328 1.653068 28.86855 1.575506
Car 0 1 1.755815 472 186 523 222 1.609242 1.638188 3.998 -5.949163 1.590281 35.49862 1.58977
Car 0 1 1.697189 513 187 548 211 1.431419 1.697305 3.744055 -5.711765 1.473359 46.36384 1.574612
Car 0 0 -1.624749 651 179 673 196 1.546081 1.6639 4.146974 3.831665 0.8096114 67.88028 -1.568361
Car 0 2 -3.28309 703 175 759 195 1.473782 1.69797 4.648869 9.241159 0.6215575 60.71722 -3.132049
Car 0 2 -3.274604 703 171 753 194 1.909038 1.812069 4.330702 9.441082 0.5819874 63.80836 -3.12771
Car 0 1 -1.498865 562 182 582 199 1.632486 1.608983 3.812409 -4.852278 1.180717 72.25813 -1.565916
Car 0 0 1.647563 551 185 574 203 1.430527 1.566407 3.482533 -4.917813 1.291335 61.1992 1.567378
Car 0 2 -3.273093 696 174 741 193 1.630828 1.672862 4.318664 9.457897 0.5210366 69.9964 -3.138787
Car 0 1 1.619775 570 182 588 196 1.530483 1.680223 3.862273 -4.771311 1.067116 83.54826 1.562729
Car 0 2 1.640576 575 183 591 195 1.420148 1.552787 3.85067 -4.617134 1.006252 89.05429 1.588776
Car 0 2 1.608166 579 183 592 194 1.427379 1.478135 3.709917 -4.578699 0.9570637 93.92628 1.559456
Car 0 1 1.609104 580 183 594 194 1.400546 1.647438 4.024915 -4.571917 0.8985078 99.91713 1.563379
Car 0 1 -3.249555 685 175 715 189 1.639204 1.585631 3.989951 10.44853 0.2245394 95.64458 -3.140743
Car 0 3 3.01259 687 175 709 188 1.719717 1.682953 2.781201 10.47544 0.1979796 98.24512 3.118814
Car 0 2 3.01966 681 175 706 189 1.674444 1.672834 3.425593 10.09552 0.1935958 100.558 3.11972
Car 0 3 -0.3426499 824 167 869 185 1.736666 1.796667 4.374446 23.75146 -0.2208867 76.27703 -0.04078185
Car 0 3 -0.2577483 815 169 861 185 1.55 1.85 4.65 23.82637 -0.2566471 79.58891 0.0331285
Car 0 2 -0.2580374 787 171 822 184 1.532222 1.85 4.267781 23.99194 -0.4139156 94.95689 -0.01055555
Car 0 2 -0.2429484 782 170 817 184 1.665556 1.85 4.490002 24.06113 -0.4441986 97.73322 -0.00155697
Car 0 3 -0.2524722 780 171 817 184 1.532222 1.85 4.943336 24.66552 -0.5009403 100.6089 -0.01205164
Car 0 3 -0.2659012 778 171 815 184 1.567778 1.85 4.916665 24.97518 -0.5401136 103.1214 -0.02828458
Car 0 2 3.036283 676 176 702 188 1.56902 1.615801 3.690002 9.663429 0.18637 103.4188 3.129453
Car 0 2 1.65564 584 182 598 193 1.426384 1.614783 4.125178 -4.355225 0.8145264 107.495 1.615146
Car 0 1 -1.63162 647 179 661 190 1.471051 1.596091 3.865517 4.640005 0.442639 101.6721 -1.586015
Car 0 2 -1.613253 646 178 659 190 1.571396 1.572021 4.042688 4.644699 0.3882939 107.24 -1.569969
Car 0 2 1.619374 588 182 599 192 1.481957 1.499868 3.577903 -4.277336 0.7538638 113.3541 1.581658
Car 0 2 1.479643 644 179 657 189 1.455476 1.614714 3.60968 4.814575 0.2851928 117.0143 1.520765
Car 0 1 1.690475 590 181 602 191 1.484442 1.564952 4.090225 -4.172785 0.659314 122.5688 1.656443
Car 0 2 -1.660188 642 179 655 188 1.462216 1.667148 3.889512 4.695911 0.2346638 122.7941 -1.621964
Car 0 2 1.615846 593 181 604 190 1.561269 1.630639 3.624328 -4.214439 0.5157337 137.544 1.585215
Car 0 2 -1.652059 640 179 651 188 1.508927 1.600727 3.541442 4.52853 0.1593179 131.3657 -1.6176
Car 0 2 1.597987 596 181 604 189 1.456842 1.426118 3.51561 -4.072666 0.4594795 142.6366 1.569442
Car 0 1 -0.3366729 836 163 892 186 2.059121 2.073281 4.939535 23.45657 -0.1450702 69.92236 -0.01300421
Car 0 2 -3.00255 569 180 589 189 1.945312 1.892187 4.609375 -9.55896 0.4802611 167.3846 -3.059595
Car 0.5994124 0 0.7912635 1178 134 1241 193 2.29979 2.017562 4.728489 24.54723 0.2090549 28.14605 1.50847
Car 0.3698564 2 -0.8734887 0 210 93 267 1.5 1.558375 4.451755 -18.61275 2.321516 22.32975 -1.568349
