Car 0 0 -1.848497 742 177 997 347 1.546081 1.6639 4.146974 2.672539 1.442882 8.703226 -1.550563
Car 0 0 -1.12665 185 192 377 302 1.632486 1.608983 3.812409 -5.933764 1.770672 13.23514 -1.548117
Car 0.2807622 0 -3.781994 1012 155 1241 280 1.630828 1.672862 4.318664 8.336602 1.174262 10.71866 -3.120959
Car 0 0 1.807051 410 189 490 241 1.530483 1.680223 3.862273 -5.651861 1.638923 24.52186 1.580525
Car 0 1 1.784521 458 189 518 228 1.420148 1.552787 3.85067 -5.399697 1.569685 30.02417 1.606578
Car 0 1 1.727273 487 188 532 221 1.427379 1.478135 3.709917 -5.274551 1.51268 34.89463 1.577252
Car 0 1 1.706749 508 187 548 214 1.400546 1.647438 4.024915 -5.161152 1.444344 40.8843 1.581175
Car 0 2 -3.385874 774 169 859 205 1.639204 1.585631 3.989951 9.78372 0.839895 36.34467 -3.122915
Car 0 3 2.888751 775 169 834 203 1.719717 1.682953 2.781201 9.856915 0.8091893 38.94427 3.136648
Car 0 1 2.910852 756 170 821 202 1.674444 1.672834 3.425593 9.518129 0.7994373 41.26351 3.137553
Car 0 1 -0.5749363 1045 159 1154 194 1.532222 1.85 4.267781 23.3153 0.2589421 35.41561 0.007275273
Car 0 1 -0.5340949 1015 158 1119 193 1.665556 1.85 4.490002 23.43391 0.2244015 38.19021 0.01627217
Car 0 2 -0.5248531 996 161 1099 192 1.532222 1.85 4.943336 24.08948 0.1654671 41.05458 0.005779537
Car 0 2 -0.5218057 981 161 1076 190 1.567778 1.85 4.916665 24.44387 0.1234692 43.56112 -0.01045018
Car 0 1 -3.340056 739 173 803 201 1.56902 1.615801 3.690002 9.136948 0.7857287 44.13154 -3.135901
Car 0 1 1.731884 530 185 565 208 1.426384 1.614783 4.125178 -4.8096 1.348857 48.45701 1.632954
Car 0 0 -1.664037 673 179 708 206 1.471051 1.596091 3.865517 4.08228 1.023947 42.47474 -1.56822
Car 0 2 -1.639086 669 177 699 202 1.571396 1.572021 4.042688 4.186065 0.9605052 48.04155 -1.552171
Car 0 1 1.684451 545 184 572 205 1.481957 1.499868 3.577903 -4.627429 1.278925 54.31369 1.599458
Car 0 2 1.460355 665 179 691 198 1.455476 1.614714 3.60968 4.529903 0.8421078 57.81107 1.538552
Car 0 1 1.742769 557 183 584 201 1.484442 1.564952 4.090225 -4.358881 1.169724 63.52486 1.674259
Car 0 1 -1.675043 660 179 685 196 1.462216 1.667148 3.889512 4.514093 0.7816216 63.59199 -1.604177
Car 0 1 1.655631 573 181 592 196 1.561269 1.630639 3.624328 -4.134025 1.001451 78.49822 1.603016
Car 0 2 -1.662078 656 178 676 194 1.508927 1.600727 3.541442 4.499258 0.6915448 72.16511 -1.599812
Car 0 3 -1.705733 655 178 674 193 1.531034 1.504644 3.336817 4.707863 0.6249509 77.59731 -1.645137
Car 0 2 1.633883 579 182 594 195 1.456842 1.426118 3.51561 -3.901623 0.9374489 83.58736 1.58724
Car 0 2 -2.959449 545 179 577 193 1.945312 1.892187 4.609375 -8.947659 0.8948735 108.4288 -3.041784
