Car 0 1 2.026351 139 210 333 309 1.431419 1.697305 3.744055 -7.030918 1.961631 13.77376 1.554373
Car 0 0 -1.646849 642 180 685 215 1.546081 1.6639 4.146974 2.069014 1.247134 35.47988 -1.5886
Car 0 1 2.868992 753 171 879 216 1.473782 1.69797 4.648869 7.618868 0.9730536 28.42783 3.130846
Car 0 2 2.893932 746 162 853 212 1.909038 1.812069 4.330702 7.756063 0.9402301 31.52247 3.135188
Car 0 1 -1.418981 476 188 518 221 1.632486 1.608983 3.812409 -6.696153 1.735276 39.6808 -1.586156
Car 0 2 1.771707 422 195 483 237 1.430527 1.566407 3.482533 -6.537848 1.813969 28.62255 1.547144
Car 0 2 2.924015 725 171 811 207 1.630828 1.672862 4.318664 7.647648 0.8973806 37.70974 3.124104
Car 0 1 1.675967 507 188 538 212 1.530483 1.680223 3.862273 -6.843717 1.654098 50.97055 1.542497
Car 0 1 1.688369 519 188 546 209 1.420148 1.552787 3.85067 -6.801098 1.607671 56.47871 1.568527
Car 0 2 1.650601 528 188 550 206 1.427379 1.478135 3.709917 -6.861276 1.572432 61.35061 1.539227
Car 0 1 1.646368 534 188 556 204 1.400546 1.647438 4.024915 -6.975735 1.531514 67.34051 1.543147
Car 0 1 2.994735 690 174 737 196 1.639204 1.585631 3.989951 8.118431 0.6648701 63.37339 3.122146
Car 0 3 2.976448 693 174 726 195 1.719717 1.682953 2.781201 8.092693 0.6456794 65.97401 3.098503
Car 0 2 2.987598 683 175 721 195 1.674444 1.672834 3.425593 7.666273 0.6526905 68.27875 3.099409
Car 0 1 -0.5186356 936 156 1020 189 1.736666 1.796667 4.374446 21.80199 0.00270772 44.27913 -0.06110572
Car 0 1 -0.4168534 913 161 994 188 1.55 1.85 4.65 21.80981 -0.0241549 47.59194 0.01285394
Car 0 1 -0.3622618 843 166 898 186 1.532222 1.85 4.267781 21.66425 -0.1379533 62.96051 -0.03085929
Car 0 3 -0.3403793 833 165 887 186 1.665556 1.85 4.490002 21.67721 -0.1608541 65.73774 -0.02185465
Car 0 3 -0.3455299 827 167 884 186 1.532222 1.85 4.943336 22.22289 -0.2163346 68.62513 -0.03235641
Car 0 3 -0.3546719 823 167 877 185 1.567778 1.85 4.916665 22.48145 -0.2517881 71.14345 -0.04860005
Car 0 2 3.008594 675 176 713 194 1.56902 1.615801 3.690002 7.176672 0.6591052 71.13029 3.109148
Car 0 1 1.686884 543 187 564 202 1.426384 1.614783 4.125178 -6.912579 1.467349 74.92145 1.59488
Car 0 1 -1.637882 633 181 654 198 1.471051 1.596091 3.865517 2.192856 0.9704201 69.28204 -1.606242
Car 0 2 -1.618053 632 180 650 196 1.571396 1.572021 4.042688 2.084871 0.9324869 74.84901 -1.590206
Car 0 2 1.647278 549 186 567 200 1.481957 1.499868 3.577903 -6.953316 1.423083 80.78107 1.561414
Car 0 2 1.476261 630 181 647 194 1.455476 1.614714 3.60968 2.05682 0.8562596 84.62495 1.500561
Car 0 1 1.714164 555 185 573 198 1.484442 1.564952 4.090225 -7.035316 1.354534 89.99619 1.636149
Car 0 2 -1.662311 627 181 644 194 1.462216 1.667148 3.889512 1.821293 0.8242482 90.40134 -1.642167
Car 0 1 1.635159 563 184 577 196 1.561269 1.630639 3.624328 -7.379961 1.255746 104.9679 1.564968
Car 0 2 -1.652765 624 181 639 193 1.508927 1.600727 3.541442 1.480604 0.7762612 98.96803 -1.637806
Car 0 3 -1.69729 624 181 638 192 1.531034 1.504644 3.336817 1.482399 0.7328354 104.4045 -1.683092
Car 0 2 1.615809 567 185 578 195 1.456842 1.426118 3.51561 -7.341362 1.212855 110.0624 1.549206
Car 0 1 -0.5518108 978 146 1092 191 2.059121 2.073281 4.939535 21.63593 0.06326342 37.91964 -0.03330956
Car 0 2 -2.981239 536 183 562 195 1.945312 1.892187 4.609375 -13.32381 1.372595 134.6946 -3.079837
Car 0 0 1.826027 342 200 492 291 1.406945 1.755342 4.396943 -3.900502 1.767443 14.76477 1.567751
Car 0 1 1.748673 449 194 523 246 1.414443 1.655112 3.354591 -4.204815 1.717617 23.29056 1.570059
