Car 0 0 -1.74168 700 175 825 267 1.546081 1.6639 4.146974 2.694191 1.330682 14.50916 -1.558082
Car 0.8900919 1 -3.955256 1134 167 1241 324 1.473782 1.69797 4.648869 8.030306 1.18587 7.290267 -3.121592
Car 0.3375723 0 -3.78957 1015 131 1241 281 1.909038 1.812069 4.330702 8.262005 1.133091 10.379 -3.117253
Car 0 0 -1.252045 331 187 443 259 1.632486 1.608983 3.812409 -5.945152 1.663791 18.97736 -1.555636
Car 0.2892009 0 2.235871 0 214 219 374 1.430527 1.566407 3.482533 -6.124357 1.823062 7.920302 1.577657
Car 0 1 -3.594836 881 157 1100 239 1.630828 1.672862 4.318664 8.342425 1.044874 16.56621 -3.128328
Car 0 0 1.760695 450 185 511 226 1.530483 1.680223 3.862273 -5.748135 1.500549 30.26547 1.573006
Car 0 1 1.752646 483 186 531 218 1.420148 1.552787 3.85067 -5.537363 1.415723 35.7693 1.599058
Car 0 1 1.703013 504 185 541 213 1.427379 1.478135 3.709917 -5.448845 1.345121 40.64038 1.569734
Car 0 1 1.688534 519 184 553 208 1.400546 1.647438 4.024915 -5.38049 1.260147 46.63052 1.573657
Car 0 1 -3.353886 750 168 822 199 1.639204 1.585631 3.989951 9.596725 0.637342 42.20132 -3.130285
Car 0 3 2.917114 752 168 802 198 1.719717 1.682953 2.781201 9.650364 0.5993658 44.8013 3.129277
Car 0 3 2.935429 736 169 792 197 1.674444 1.672834 3.425593 9.294188 0.5839599 47.1179 3.130182
Car 0 3 -0.4755042 959 158 1046 188 1.665556 1.85 4.490002 23.23141 -0.01132786 44.14735 0.008902095
Car 0 3 -0.4712978 946 160 1033 187 1.532222 1.85 4.943336 23.86537 -0.07945752 47.01637 -0.001591073
Car 0 2 -0.4723532 935 160 1017 186 1.567778 1.85 4.916665 24.20088 -0.1290505 49.52536 -0.01782166
Car 0 3 2.963865 722 171 778 196 1.56902 1.615801 3.690002 8.891489 0.5631818 49.98294 3.139913
Car 0 1 1.718985 537 182 567 203 1.426384 1.614783 4.125178 -5.085908 1.143196 54.20536 1.625432
Car 0 0 -1.655296 664 177 694 200 1.471051 1.596091 3.865517 3.849882 0.8163512 48.28899 -1.575738
Car 0 2 -1.632197 661 175 687 198 1.571396 1.572021 4.042688 3.911804 0.7374495 53.85623 -1.55969
Car 0 1 1.674129 549 181 572 200 1.481957 1.499868 3.577903 -4.947791 1.056849 60.06302 1.591938
Car 0 2 1.465402 657 177 680 194 1.455476 1.614714 3.60968 4.182158 0.5915875 63.62768 1.531037
Car 0 1 1.735175 559 180 583 197 1.484442 1.564952 4.090225 -4.748517 0.9218672 69.2756 1.666737
Car 0 1 -1.671024 653 176 675 193 1.462216 1.667148 3.889512 4.122892 0.5153012 69.40813 -1.611693
Car 0 1 1.65047 572 179 589 193 1.561269 1.630639 3.624328 -4.636251 0.7121232 84.24971 1.595496
Car 0 2 -1.659135 649 176 668 191 1.508927 1.600727 3.541442 4.043606 0.4017754 77.98061 -1.607328
Car 0 3 -1.703094 649 176 666 190 1.531034 1.504644 3.336817 4.211349 0.3198743 83.41402 -1.652649
Car 0 2 1.629402 578 180 592 192 1.456842 1.426118 3.51561 -4.442133 0.6337042 89.34026 1.579721
Car 0 2 -2.964596 544 177 574 191 1.945312 1.892187 4.609375 -9.674314 0.5334899 114.143 -3.04915
