Car 0.03348601 0 -1.944636 774 175 1194 374 1.546081 1.6639 4.146974 2.631983 1.460005 6.322875 -1.550189
Car 0 0 -1.044936 68 195 328 335 1.632486 1.608983 3.812409 -5.971642 1.806882 10.85845 -1.547743
Car 0.773882 1 -3.903539 1109 154 1241 310 1.630828 1.672862 4.318664 8.296165 1.176049 8.335867 -3.120528
Car 0 0 1.832213 384 190 476 248 1.530483 1.680223 3.862273 -5.685526 1.668159 22.14498 1.5809
Car 0 1 1.800931 443 190 509 233 1.420148 1.552787 3.85067 -5.431322 1.595235 27.64715 1.60695
Car 0 1 1.739326 476 188 525 224 1.427379 1.478135 3.709917 -5.304356 1.535211 32.51752 1.577627
Car 0 1 1.715491 500 187 544 217 1.400546 1.647438 4.024915 -5.188718 1.463265 38.5071 1.581551
Car 0 1 -3.402134 784 168 875 207 1.639204 1.585631 3.989951 9.752764 0.8238238 33.96111 -3.122484
Car 0 2 2.874497 785 167 847 204 1.719717 1.682953 2.781201 9.826921 0.7914912 36.56066 3.137076
Car 0 1 2.898601 763 169 833 203 1.674444 1.672834 3.425593 9.489052 0.781302 38.88003 3.137981
Car 0 0 -0.6063481 1074 155 1193 194 1.532222 1.85 4.267781 23.28246 0.209421 33.02625 0.007704519
Car 0 2 -0.5622525 1040 154 1152 192 1.665556 1.85 4.490002 23.4021 0.1730424 35.80079 0.01670234
Car 0 2 -0.5504009 1018 158 1128 191 1.532222 1.85 4.943336 24.05868 0.1108725 38.66486 0.006208612
Car 0 2 -0.5452693 1000 158 1103 190 1.567778 1.85 4.916665 24.41397 0.06659353 41.17122 -0.0100228
Car 0 1 -3.350294 745 172 813 202 1.56902 1.615801 3.690002 9.108994 0.7669581 41.7482 -3.135472
Car 0 1 1.737854 525 185 562 210 1.426384 1.614783 4.125178 -4.834354 1.362692 46.07962 1.633323
Car 0 0 -1.668622 676 178 713 207 1.471051 1.596091 3.865517 4.054272 1.018784 40.09357 -1.567844
Car 0 2 -1.642656 671 177 703 203 1.571396 1.572021 4.042688 4.160141 0.9519911 45.66031 -1.551797
Car 0 1 1.689126 541 184 569 206 1.481957 1.499868 3.577903 -4.650002 1.289052 51.93618 1.599831
Car 0 2 1.457789 666 178 694 198 1.455476 1.614714 3.60968 4.507614 0.8273073 55.42962 1.538932
Car 0 1 1.746101 554 183 582 202 1.484442 1.564952 4.090225 -4.378017 1.174063 61.14718 1.674625
Car 0 1 -1.677084 661 178 687 197 1.462216 1.667148 3.889512 4.493977 0.7636515 61.21051 -1.603797
Car 0 1 1.657821 571 181 591 197 1.561269 1.630639 3.624328 -4.147552 0.9969137 76.12035 1.603388
Car 0 2 -1.663577 657 178 678 194 1.508927 1.600727 3.541442 4.482372 0.6688526 69.78358 -1.599432
Car 0 3 -1.707065 656 177 676 193 1.531034 1.504644 3.336817 4.693003 0.5987196 75.21566 -1.644752
Car 0 2 1.635764 578 182 593 195 1.456842 1.426118 3.51561 -3.913261 0.9295029 81.20937 1.587614
Car 0 3 -3.213566 705 176 728 186 1.382211 1.434529 3.400866 13.89043 -0.1604775 105.2924 -3.082401
Car 0 2 -2.957159 543 179 576 193 1.945312 1.892187 4.609375 -8.949383 0.885803 106.0528 -3.041345
