Car 0.08425504 0 2.181514 0 218 267 374 1.420148 1.552787 3.85067 -6.112723 1.92081 9.012844 1.585553
Car 0 1 1.969582 208 206 373 302 1.427379 1.478135 3.709917 -6.089961 1.875302 13.88497 1.556248
Car 0 0 1.858061 338 199 446 263 1.400546 1.647438 4.024915 -6.102438 1.821661 19.87585 1.560169
Car 0 0 2.621056 928 152 1149 241 1.639204 1.585631 3.989951 8.92411 1.000064 15.65086 3.139274
Car 0 1 2.660045 907 154 1049 231 1.719717 1.682953 2.781201 8.942648 0.9754078 18.2515 3.115635
Car 0 1 2.722269 853 159 995 226 1.674444 1.672834 3.425593 8.555475 0.9765908 20.56317 3.116541
Car 0 1 2.792783 809 166 937 221 1.56902 1.615801 3.690002 8.11442 0.9758871 23.42263 3.126279
Car 0 0 1.823947 425 193 498 238 1.426384 1.614783 4.125178 -5.910215 1.741899 27.45446 1.61191
Car 0 0 -1.731338 688 179 766 236 1.471051 1.596091 3.865517 3.099158 1.278889 21.66004 -1.589221
Car 0 1 -1.686039 675 177 733 224 1.571396 1.572021 4.042688 3.085956 1.229127 27.22794 -1.573183
Car 0 1 1.752304 467 190 516 227 1.481957 1.499868 3.577903 -5.851196 1.685359 33.31382 1.578438
Car 0 1 1.430658 663 180 706 211 1.455476 1.614714 3.60968 3.224336 1.13252 37.00277 1.517577
Car 0 0 1.788181 499 188 542 216 1.484442 1.564952 4.090225 -5.776307 1.597465 42.52883 1.653186
Car 0 1 -1.697187 654 180 693 207 1.462216 1.667148 3.889512 3.087155 1.087933 42.78223 -1.625152
Car 0 1 1.683653 532 185 560 206 1.561269 1.630639 3.624328 -5.866063 1.466731 57.50399 1.581993
Car 0 1 -1.677052 647 179 676 202 1.508927 1.600727 3.541442 2.892314 1.021317 51.35335 -1.62079
Car 0 2 -1.718626 646 179 672 200 1.531034 1.504644 3.336817 2.986664 0.9666007 56.78887 -1.666083
Car 0 1 1.657683 543 186 564 204 1.456842 1.426118 3.51561 -5.740738 1.413349 62.59701 1.566229
Car 0 3 -1.633932 649 181 670 198 1.393046 1.452511 3.435073 3.304937 0.8982825 62.31119 -1.580943
Car 0 3 0.6721994 148 206 189 222 1.581004 1.67633 3.758134 -50.4407 3.804941 80.94462 0.114931
Car 0 2 -2.933997 507 182 546 200 1.945312 1.892187 4.609375 -11.30378 1.507325 87.32767 -3.062722
