Car 0.6813534 0 -2.222381 823 180 1241 374 1.512623 1.746308 3.775172 2.369786 1.497909 3.184396 -1.58261
Car 0 0 2.011733 152 189 354 305 1.73687 1.652467 4.107703 -6.487661 1.808862 13.42221 1.561492
Car 0 0 1.894437 320 190 431 258 1.609242 1.638188 3.998 -6.6154 1.73567 20.05104 1.575755
Car 0 1 1.76875 435 190 495 228 1.431419 1.697305 3.744055 -6.5303 1.60126 30.91832 1.560598
Car 0 0 -1.633885 644 177 672 200 1.546081 1.6639 4.146974 2.710012 0.8894278 52.56514 -1.582376
Car 0 0 2.958421 714 173 790 200 1.473782 1.69797 4.648869 8.218973 0.7046508 45.4782 3.137214
Car 0 1 2.970797 713 167 779 198 1.909038 1.812069 4.330702 8.375542 0.6599089 48.57178 3.141554
Car 0 2 -1.474138 530 182 556 204 1.632486 1.608983 3.812409 -6.033822 1.266505 56.82159 -1.57993
Car 0 1 1.682536 509 186 542 210 1.430527 1.566407 3.482533 -5.944376 1.394661 45.76303 1.553364
Car 0 2 2.979949 702 172 760 196 1.630828 1.672862 4.318664 8.305639 0.5891738 54.75935 3.130477
Car 0 2 1.638197 544 182 566 200 1.530483 1.680223 3.862273 -6.111075 1.134977 68.11157 1.548715
Car 0 2 1.656542 551 183 571 198 1.420148 1.552787 3.85067 -6.034087 1.065201 73.61911 1.574761
Car 0 2 1.622546 556 182 573 197 1.427379 1.478135 3.709917 -6.063929 1.008271 78.49109 1.545443
Car 0 1 1.62193 559 182 576 195 1.400546 1.647438 4.024915 -6.1411 0.9402571 84.48134 1.549366
Car 0 1 3.017847 683 173 720 190 1.639204 1.585631 3.989951 8.936699 0.2507566 80.41837 3.12852
Car 0 3 2.997771 686 173 712 189 1.719717 1.682953 2.781201 8.927156 0.2200553 83.01899 3.104891
Car 0 2 3.006334 678 174 708 189 1.674444 1.672834 3.425593 8.514877 0.2125874 85.32631 3.105797
Car 0 1 -0.4069393 859 163 916 186 1.736666 1.796667 4.374446 22.50879 -0.1838478 61.23822 -0.05470629
Car 0 2 -0.3167006 846 166 903 185 1.55 1.85 4.65 22.53727 -0.2249426 64.55077 0.01920804
Car 0 1 -0.2987633 804 168 846 184 1.532222 1.85 4.267781 22.48745 -0.4066942 79.9193 -0.02447819
Car 0 2 -0.2813281 797 167 839 184 1.665556 1.85 4.490002 22.51773 -0.4414586 82.69626 -0.01547892
Car 0 3 -0.2894151 794 168 839 183 1.532222 1.85 4.943336 23.08171 -0.5036319 85.57999 -0.0259743
Car 0 3 -0.3013658 792 168 835 183 1.567778 1.85 4.916665 23.35612 -0.5472269 88.09653 -0.04220826
Car 0 2 3.024574 672 175 702 189 1.56902 1.615801 3.690002 8.04278 0.20149 88.18079 3.11553
Car 0 1 1.666543 565 182 581 194 1.426384 1.614783 4.125178 -6.030638 0.8440028 92.06139 1.60113
Car 0 1 -1.635267 638 178 655 191 1.471051 1.596091 3.865517 3.044672 0.467962 86.36439 -1.600028
Car 0 2 -1.616293 637 177 652 190 1.571396 1.572021 4.042688 2.971342 0.4048285 91.93169 -1.583983
Car 0 2 1.629195 569 181 583 193 1.481957 1.499868 3.577903 -6.034864 0.7739841 97.92091 1.567643
Car 0 2 1.477224 635 178 650 189 1.455476 1.614714 3.60968 3.004227 0.2860601 101.7072 1.506754
Car 0 1 1.698924 572 181 587 192 1.484442 1.564952 4.090225 -6.059462 0.6647463 107.136 1.642425
Car 0 1 -1.662062 633 178 647 188 1.462216 1.667148 3.889512 2.804585 0.2265913 107.4847 -1.635975
Car 0 2 1.622837 577 180 589 190 1.561269 1.630639 3.624328 -6.310953 0.4976096 122.1089 1.5712
Car 0 2 -1.653297 630 178 643 188 1.508927 1.600727 3.541442 2.517113 0.1379749 116.053 -1.631611
Car 0 3 -1.697933 630 178 642 187 1.531034 1.504644 3.336817 2.552811 0.07107627 121.4891 -1.676924
Car 0 2 1.604449 580 181 590 189 1.456842 1.426118 3.51561 -6.240566 0.4331132 127.2029 1.555428
Car 0 0 -0.4129335 879 157 953 187 2.059121 2.073281 4.939535 22.30299 -0.09757185 54.88018 -0.02692697
Car 0 2 -2.994187 552 179 574 189 1.945312 1.892187 4.609375 -12.07274 0.422998 151.8716 -3.073514
Car 0 0 1.691519 524 185 569 215 1.406945 1.755342 4.396943 -3.879828 1.37934 38.60764 1.591362
