Car 0.2117987 0 -2.016439 795 172 1241 374 1.546081 1.6639 4.146974 2.613477 1.463032 5.196243 -1.55043
Car 0 0 -0.9961607 0 197 298 359 1.632486 1.608983 3.812409 -5.990124 1.830232 9.730265 -1.547985
Car 0 0 1.8458 369 190 468 252 1.530483 1.680223 3.862273 -5.706739 1.68329 21.01676 1.58066
Car 0 1 1.809539 434 190 504 235 1.420148 1.552787 3.85067 -5.453878 1.606047 26.51893 1.606707
Car 0 1 1.745527 470 188 521 226 1.427379 1.478135 3.709917 -5.328093 1.542468 31.38929 1.577388
Car 0 1 1.719904 495 187 541 218 1.400546 1.647438 4.024915 -5.2139 1.466258 37.37885 1.581311
Car 0 1 -3.41065 789 166 884 207 1.639204 1.585631 3.989951 9.726742 0.7893248 32.83553 -3.122658
Car 0 2 2.867074 789 166 854 204 1.719717 1.682953 2.781201 9.800274 0.7550766 35.43507 3.136899
Car 0 1 2.892245 767 168 839 203 1.674444 1.672834 3.425593 9.461891 0.7442734 37.75436 3.137805
Car 0 1 -0.6223468 1088 153 1213 192 1.532222 1.85 4.267781 23.25492 0.1388744 31.90306 0.007528981
Car 0 2 -0.5765579 1052 152 1169 191 1.665556 1.85 4.490002 23.37389 0.1003416 34.6776 0.01652793
Car 0 2 -0.5633363 1029 155 1143 190 1.532222 1.85 4.943336 24.0297 0.03450334 37.54176 0.006033003
Car 0 2 -0.5571204 1010 156 1116 189 1.567778 1.85 4.916665 24.38435 -0.01239169 40.04817 -0.01020039
Car 0 1 -3.355583 748 170 818 202 1.56902 1.615801 3.690002 9.081196 0.7290676 40.62245 -3.135648
Car 0 1 1.740806 522 185 561 211 1.426384 1.614783 4.125178 -4.861388 1.35973 44.95137 1.633077
Car 0 0 -1.671075 677 177 716 207 1.471051 1.596091 3.865517 4.027522 0.9956826 38.96695 -1.568083
Car 0 2 -1.644557 672 176 705 203 1.571396 1.572021 4.042688 4.132046 0.9249314 44.53366 -1.552037
Car 0 1 1.691411 539 183 568 206 1.481957 1.499868 3.577903 -4.678461 1.281728 50.80793 1.599589
Car 0 2 1.456436 667 177 695 198 1.455476 1.614714 3.60968 4.477142 0.7928625 54.30296 1.538697
Car 0 1 1.747698 553 182 581 202 1.484442 1.564952 4.090225 -4.408709 1.159926 60.01891 1.674374
Car 0 1 -1.678161 662 177 688 196 1.462216 1.667148 3.889512 4.462135 0.7254308 60.0838 -1.604032
Car 0 1 1.658852 570 181 590 197 1.561269 1.630639 3.624328 -4.181848 0.9722768 74.99202 1.603146
Car 0 2 -1.66437 657 177 679 194 1.508927 1.600727 3.541442 4.448475 0.6250088 68.6568 -1.599667
Car 0 3 -1.707766 656 177 676 193 1.531034 1.504644 3.336817 4.65778 0.5507222 74.08888 -1.644982
Car 0 2 1.636644 577 181 593 195 1.456842 1.426118 3.51561 -3.948804 0.9008745 80.08102 1.587373
Car 0 3 -3.214725 705 175 729 185 1.382211 1.434529 3.400866 13.84684 -0.2532364 104.167 -3.08257
Car 0 2 -2.956035 542 178 575 193 1.945312 1.892187 4.609375 -8.990204 0.8544363 104.9234 -3.04151
