Car 0 0 -1.66251 656 182 714 227 1.546081 1.6639 4.146974 2.366432 1.374894 27.32565 -1.576124
Car 0 0 -3.509802 813 173 997 234 1.473782 1.69797 4.648869 7.832135 1.176515 20.20567 -3.140012
Car 0 1 -3.466741 797 160 947 227 1.909038 1.812069 4.330702 8.00808 1.149277 23.2984 -3.135673
Car 0 0 -1.375505 445 188 501 230 1.632486 1.608983 3.812409 -6.352471 1.735596 31.63434 -1.573679
Car 0 2 1.858177 346 198 440 257 1.430527 1.566407 3.482533 -6.332161 1.804116 20.57491 1.559615
Car 0 1 2.872235 761 172 874 217 1.630828 1.672862 4.318664 7.976861 1.11182 29.48658 3.136436
Car 0 1 1.70204 493 188 532 217 1.530483 1.680223 3.862273 -6.359137 1.665017 42.92512 1.554965
Car 0 1 1.709305 510 189 543 213 1.420148 1.552787 3.85067 -6.247694 1.625491 48.43238 1.581015
Car 0 1 1.668355 522 189 548 210 1.427379 1.478135 3.709917 -6.247072 1.594878 53.30467 1.551692
Car 0 1 1.661245 530 188 556 207 1.400546 1.647438 4.024915 -6.286799 1.559038 59.29556 1.555615
Car 0 1 2.976786 709 176 763 200 1.639204 1.585631 3.989951 8.768492 0.9155642 55.14264 3.13448
Car 0 3 2.96004 712 176 750 199 1.719717 1.682953 2.781201 8.775221 0.8989395 57.74339 3.110855
Car 0 2 2.973158 700 177 744 198 1.674444 1.672834 3.425593 8.377287 0.9021369 60.05323 3.111761
Car 0 1 -0.6032721 1017 159 1124 198 1.736666 1.796667 4.374446 22.22326 0.4381105 35.88101 -0.04873883
Car 0 1 -0.4915984 983 164 1085 196 1.55 1.85 4.65 22.27246 0.4151292 39.19349 0.02516294
Car 0 3 2.996212 690 178 734 198 1.56902 1.615801 3.690002 7.922949 0.9044057 62.91061 3.121492
Car 0 1 1.69878 542 187 566 204 1.426384 1.614783 4.125178 -6.128922 1.504438 66.8752 1.607388
Car 0 1 -1.641393 644 182 667 201 1.471051 1.596091 3.865517 2.912521 1.138446 61.12393 -1.59378
Car 0 2 -1.620799 642 181 662 199 1.571396 1.572021 4.042688 2.873993 1.105209 66.69184 -1.577732
Car 0 1 1.657519 550 186 569 202 1.481957 1.499868 3.577903 -6.096501 1.466213 72.73491 1.573896
Car 0 2 1.474201 639 182 659 197 1.455476 1.614714 3.60968 2.968014 1.039663 76.46745 1.512995
Car 0 1 1.722543 557 186 577 200 1.484442 1.564952 4.090225 -6.063468 1.406896 81.95039 1.648689
Car 0 2 -1.663819 636 182 655 196 1.462216 1.667148 3.889512 2.804464 1.010661 82.24633 -1.629734
Car 0 1 1.641553 567 185 582 197 1.561269 1.630639 3.624328 -6.221382 1.319917 96.92531 1.577453
Car 0 2 -1.653666 633 182 649 195 1.508927 1.600727 3.541442 2.570526 0.9672667 90.81662 -1.625369
Car 0 3 -1.698114 633 182 648 194 1.531034 1.504644 3.336817 2.640219 0.9300437 96.25266 -1.670691
Car 0 2 1.621587 571 185 583 196 1.456842 1.426118 3.51561 -6.119133 1.283395 102.019 1.561679
Car 0 1 -0.660872 1085 145 1240 202 2.059121 2.073281 4.939535 21.97767 0.4889373 29.52401 -0.02096456
Car 0 2 -2.974731 540 183 567 195 1.945312 1.892187 4.609375 -11.79817 1.380879 126.7233 -3.067565
Car 0.4794425 0 2.145321 0 221 342 374 1.406945 1.755342 4.396943 -3.660829 1.781541 5.245843 1.536037
Car 0 0 1.877104 296 203 462 307 1.414443 1.655112 3.354591 -3.913037 1.748165 12.34949 1.570254
