Car 0 0 2.06558 98 209 318 323 1.417371 1.540477 3.504343 -6.372503 1.842369 11.68809 1.566419
Car 0 0 -1.749834 701 180 822 265 1.512623 1.746308 3.775172 2.827777 1.392295 15.18036 -1.565666
Car 0 0 1.935628 286 202 416 273 1.360295 1.513462 4.017023 -6.227048 1.787872 17.26034 1.589389
Car 0 0 1.803623 412 185 490 240 1.73687 1.652467 4.107703 -5.856381 1.69962 25.56568 1.578436
Car 0 1 1.773095 458 187 515 227 1.609242 1.638188 3.998 -5.871799 1.643383 32.19588 1.592701
Car 0 1 1.706924 506 188 545 214 1.431419 1.697305 3.744055 -5.602551 1.537782 43.06048 1.577542
Car 0 0 -1.627394 655 179 677 198 1.546081 1.6639 4.146974 4.004768 0.9145625 64.54968 -1.565432
Car 0 1 -3.291482 710 176 770 197 1.473782 1.69797 4.648869 9.393759 0.7301537 57.37109 -3.129186
Car 0 2 -3.282355 710 171 763 196 1.909038 1.812069 4.330702 9.602751 0.6940688 60.46168 -3.124846
Car 0 1 -1.495403 561 183 582 201 1.632486 1.608983 3.812409 -4.667128 1.272707 68.95242 -1.562986
Car 0 0 1.65243 548 186 573 205 1.430527 1.566407 3.482533 -4.765063 1.372154 57.89364 1.570307
Car 0 2 -3.279529 702 175 750 195 1.630828 1.672862 4.318664 9.637701 0.6393294 66.6497 -3.135922
Car 0 1 1.622338 570 183 588 198 1.530483 1.680223 3.862273 -4.553077 1.17054 80.24239 1.565657
Car 0 2 1.642775 575 184 592 197 1.420148 1.552787 3.85067 -4.382755 1.11548 85.748 1.591707
Car 0 2 1.610131 579 184 593 196 1.427379 1.478135 3.709917 -4.330042 1.071232 90.61991 1.562385
Car 0 1 1.610846 581 184 596 195 1.400546 1.647438 4.024915 -4.305712 1.018671 96.61076 1.566308
Car 0 1 -3.253334 689 176 721 190 1.639204 1.585631 3.989951 10.70356 0.3704152 92.29518 -3.137879
Car 0 3 3.009003 692 176 714 190 1.719717 1.682953 2.781201 10.73809 0.3465053 94.89565 3.121681
Car 0 2 3.016364 685 176 711 190 1.674444 1.672834 3.425593 10.3649 0.3436724 97.20963 3.122587
Car 0 2 -0.3553919 835 168 883 187 1.736666 1.796667 4.374446 23.95094 -0.06779623 72.8894 -0.03791384
Car 0 3 -0.269555 826 170 874 187 1.55 1.85 4.65 24.03554 -0.1001006 76.2011 0.03599019
Car 0 1 -0.2665364 795 172 831 185 1.532222 1.85 4.267781 24.24615 -0.2416959 91.56868 -0.007690187
Car 0 2 -0.2510124 789 171 826 185 1.665556 1.85 4.490002 24.32349 -0.2690692 94.34482 0.001307775
Car 0 3 -0.2602704 787 172 826 185 1.532222 1.85 4.943336 24.93634 -0.3217337 97.21875 -0.009186094
Car 0 3 -0.2734216 786 172 823 185 1.567778 1.85 4.916665 25.2534 -0.3577807 99.73038 -0.02541766
Car 0 2 3.033303 679 177 706 190 1.56902 1.615801 3.690002 9.941158 0.3384402 100.0717 3.132318
Car 0 2 1.657093 585 183 600 194 1.426384 1.614783 4.125178 -4.066807 0.9426875 104.1881 1.618079
Car 0 1 -1.632996 650 180 664 191 1.471051 1.596091 3.865517 4.912172 0.5829397 98.33939 -1.583087
Car 0 2 -1.61448 649 179 662 191 1.571396 1.572021 4.042688 4.933174 0.5341626 103.9073 -1.567039
Car 0 2 1.620664 589 183 600 193 1.481957 1.499868 3.577903 -3.971745 0.8880299 110.047 1.584588
Car 0 2 1.478579 647 180 660 190 1.455476 1.614714 3.60968 5.131699 0.4411587 113.6811 1.52369
Car 0 1 1.691568 591 182 604 192 1.484442 1.564952 4.090225 -3.840179 0.802888 119.2614 1.659379
Car 0 2 -1.66112 645 180 658 189 1.462216 1.667148 3.889512 5.029964 0.3961633 119.4613 -1.619039
Car 0 2 1.616729 595 182 605 190 1.561269 1.630639 3.624328 -3.837961 0.6741754 134.2368 1.588145
Car 0 2 -1.652831 643 180 654 189 1.508927 1.600727 3.541442 4.887676 0.3290408 128.0334 -1.614675
Car 0 2 -1.697555 643 180 654 188 1.531034 1.504644 3.336817 5.015484 0.2765299 133.4683 -1.659995
Car 0 2 1.598787 597 182 606 190 1.456842 1.426118 3.51561 -3.681255 0.6232882 139.329 1.572372
Car 0 1 -0.3514913 849 163 909 188 2.059121 2.073281 4.939535 23.6374 0.001087546 66.53556 -0.01013855
Car 0 2 -3.001365 570 181 591 190 1.945312 1.892187 4.609375 -9.095551 0.6578274 164.0928 -3.056737
