Car 0 0 -1.699534 679 180 766 247 1.546081 1.6639 4.146974 2.603272 1.382141 19.24797 -1.5651
Car 0.02112287 0 -3.71378 943 167 1241 272 1.473782 1.69797 4.648869 7.990881 1.219166 12.06782 -3.128901
Car 0 1 -3.620484 896 148 1143 251 1.909038 1.812069 4.330702 8.200934 1.184535 15.15836 -3.124563
Car 0 0 -1.3115 389 188 472 245 1.632486 1.608983 3.812409 -6.068759 1.704472 23.6532 -1.562654
Car 0 0 2.026196 155 205 348 309 1.430527 1.566407 3.482533 -6.170372 1.801458 12.59444 1.570638
Car 0 1 -3.503944 822 167 984 230 1.630828 1.672862 4.318664 8.237932 1.131089 21.34638 -3.135637
Car 0 1 1.734672 470 188 521 223 1.530483 1.680223 3.862273 -5.950955 1.604875 34.94316 1.565987
Car 0 1 1.733948 496 188 536 217 1.420148 1.552787 3.85067 -5.778789 1.551554 40.44873 1.592041
Car 0 1 1.688358 512 188 544 212 1.427379 1.478135 3.709917 -5.724453 1.508431 45.32063 1.562714
Car 0 1 1.677234 524 187 555 209 1.400546 1.647438 4.024915 -5.698135 1.457081 51.31148 1.566638
Car 0 1 -3.333231 733 174 797 202 1.639204 1.585631 3.989951 9.312466 0.8714226 46.99158 -3.137593
Car 0 2 2.935662 735 173 780 200 1.719717 1.682953 2.781201 9.347862 0.8481398 49.59205 3.121971
Car 0 3 2.951655 721 174 771 200 1.674444 1.672834 3.425593 8.975367 0.8441588 51.90613 3.122877
Car 0.2216436 1 -0.723106 1141 153 1241 202 1.736666 1.796667 4.374446 22.55586 0.4855741 27.58199 -0.03762026
Car 0 2 -0.5961886 1085 159 1223 200 1.55 1.85 4.65 22.64158 0.4542398 30.89366 0.03627042
Car 0 3 -0.4663123 940 166 1019 193 1.532222 1.85 4.267781 22.8573 0.316378 46.2612 -0.007402057
Car 0 3 -0.4358948 922 165 999 192 1.665556 1.85 4.490002 22.93557 0.2898452 49.03732 0.001594241
Car 0 3 2.9777 709 176 759 199 1.56902 1.615801 3.690002 8.552498 0.8376665 54.76833 3.132607
Car 0 1 1.710816 539 186 567 205 1.426384 1.614783 4.125178 -5.456684 1.383509 58.88875 1.618418
Car 0 1 -1.649067 656 181 683 202 1.471051 1.596091 3.865517 3.522007 1.060604 53.03747 -1.582758
Car 0 2 -1.627121 653 180 677 200 1.571396 1.572021 4.042688 3.544857 1.012946 58.60537 -1.566708
Car 0 1 1.667511 549 185 571 202 1.481957 1.499868 3.577903 -5.359672 1.330337 64.74763 1.584921
Car 0 2 1.469274 650 181 672 197 1.455476 1.614714 3.60968 3.746656 0.9225894 68.37915 1.524012
Car 0 1 1.730254 558 184 580 200 1.484442 1.564952 4.090225 -5.225039 1.247456 73.96201 1.659726
Car 0 1 -1.667853 646 181 667 196 1.462216 1.667148 3.889512 3.646805 0.8782339 74.15937 -1.618718
Car 0 1 1.647081 570 183 586 196 1.561269 1.630639 3.624328 -5.217867 1.121524 88.93747 1.588479
Car 0 2 -1.656721 643 180 660 194 1.508927 1.600727 3.541442 3.507328 0.8120968 82.73158 -1.614352
Car 0 3 -1.700908 643 180 659 193 1.531034 1.504644 3.336817 3.636957 0.7611313 88.1664 -1.659681
Car 0 2 1.626458 575 183 588 195 1.456842 1.426118 3.51561 -5.059462 1.072241 94.02962 1.572702
Car 0 2 -2.968586 542 181 571 194 1.945312 1.892187 4.609375 -10.46655 1.088494 118.795 -3.056466
Car 0.9879221 1 2.499207 0 244 132 374 1.414443 1.655112 3.354591 -3.813067 1.785547 2.849533 1.570186
