Car 0 0 1.94692 244 198 404 290 1.530483 1.680223 3.862273 -5.954009 1.835553 15.13668 1.57216
Car 0 1 1.869791 364 197 463 257 1.420148 1.552787 3.85067 -5.74801 1.767726 20.64094 1.598196
Car 0 1 1.787344 422 193 491 241 1.427379 1.478135 3.709917 -5.663661 1.713247 25.5123 1.568889
Car 0 1 1.748747 461 191 518 229 1.400546 1.647438 4.024915 -5.600405 1.648546 31.50274 1.57281
Car 0 0 -3.464282 814 163 931 213 1.639204 1.585631 3.989951 9.372132 0.8455045 27.08674 -3.131171
Car 0 2 2.821004 811 163 891 209 1.719717 1.682953 2.781201 9.423542 0.816064 29.68688 3.128375
Car 0 1 2.853242 783 165 870 208 1.674444 1.672834 3.425593 9.065609 0.8127054 32.00326 3.129282
Car 0.5880687 0 -0.7180122 1176 148 1241 193 1.532222 1.85 4.267781 22.90216 0.08745456 26.26952 -0.0009888746
Car 0.08020872 1 -0.6616996 1124 144 1241 191 1.665556 1.85 4.490002 22.9975 0.05373669 29.04503 0.008013842
Car 0 3 -0.6397943 1089 148 1229 190 1.532222 1.85 4.943336 23.62868 -0.01129448 31.91474 -0.002485563
Car 0 3 -0.6268149 1063 149 1190 188 1.567778 1.85 4.916665 23.96188 -0.0557704 34.42414 -0.01872613
Car 0 1 2.89556 760 169 842 206 1.56902 1.615801 3.690002 8.660719 0.8064111 34.86806 3.139019
Car 0 1 1.759669 498 188 544 218 1.426384 1.614783 4.125178 -5.312387 1.554942 39.07816 1.624554
Car 0 0 -1.685387 677 178 724 214 1.471051 1.596091 3.865517 3.623376 1.109073 33.16953 -1.57658
Car 0 1 -1.655271 671 176 709 208 1.571396 1.572021 4.042688 3.680559 1.04903 38.73706 -1.560542
Car 0 1 1.705833 519 186 553 212 1.481957 1.499868 3.577903 -5.1793 1.487636 44.93619 1.59108
Car 0 2 1.44912 664 178 696 202 1.455476 1.614714 3.60968 3.9425 0.9344915 48.50916 1.530215
Car 0 1 1.757689 537 185 569 207 1.484442 1.564952 4.090225 -4.987924 1.382797 54.14934 1.665833
Car 0 1 -1.68383 658 178 688 200 1.462216 1.667148 3.889512 3.878384 0.8791451 54.2898 -1.612513
Car 0 1 1.665237 558 183 580 200 1.561269 1.630639 3.624328 -4.88838 1.224374 69.12418 1.594636
Car 0 2 -1.668398 653 178 676 197 1.508927 1.600727 3.541442 3.791899 0.7965788 62.86257 -1.608151
Car 0 2 -1.71129 652 178 674 195 1.531034 1.504644 3.336817 3.954956 0.7319033 68.29636 -1.653446
Car 0 2 1.642097 566 183 583 199 1.456842 1.426118 3.51561 -4.698674 1.161687 74.2151 1.57887
Car 0 3 -1.627071 655 179 672 194 1.393046 1.452511 3.435073 4.343025 0.6536263 73.81407 -1.568301
Car 0 2 -2.949845 530 180 565 196 1.945312 1.892187 4.609375 -9.948873 1.206059 99.0142 -3.049988
