Car 0 0 2.097667 20 208 306 355 1.530483 1.680223 3.862273 -6.16899 1.928602 10.40147 1.562345
Car 0 0 1.949994 265 204 409 286 1.420148 1.552787 3.85067 -6.017018 1.882176 15.9077 1.588381
Car 0 1 1.839304 362 199 453 259 1.427379 1.478135 3.709917 -5.980481 1.846612 20.77983 1.559075
Car 0 1 1.782624 420 196 491 241 1.400546 1.647438 4.024915 -5.976024 1.805161 26.77082 1.562996
Car 0 0 -3.52314 841 163 986 223 1.639204 1.585631 3.989951 9.039312 0.9887357 22.50514 -3.141207
Car 0 2 2.771828 835 163 931 218 1.719717 1.682953 2.781201 9.065204 0.969393 25.10575 3.11834
Car 0 1 2.812503 800 166 902 216 1.674444 1.672834 3.425593 8.684546 0.9749292 27.4185 3.119246
Car 0.8623378 0 -0.7460598 1201 147 1241 197 1.665556 1.85 4.490002 22.64497 0.2079704 24.60014 -0.002021654
Car 0.4296933 1 -0.7147554 1153 150 1241 194 1.532222 1.85 4.943336 23.24796 0.1542275 27.47614 -0.01252132
Car 0.05878252 1 -0.6946046 1117 149 1241 193 1.567778 1.85 4.916665 23.55652 0.1195678 29.98884 -0.02876203
Car 0 1 2.862928 771 171 867 213 1.56902 1.615801 3.690002 8.251554 0.9796453 30.2792 3.128983
Car 0 1 1.78095 470 192 524 227 1.426384 1.614783 4.125178 -5.762366 1.741012 34.349 1.614738
Car 0 0 -1.699165 676 181 732 223 1.471051 1.596091 3.865517 3.231065 1.27446 28.53014 -1.586395
Car 0 1 -1.664906 668 179 712 216 1.571396 1.572021 4.042688 3.233603 1.236026 34.09815 -1.570356
Car 0 1 1.721767 498 190 536 219 1.481957 1.499868 3.577903 -5.686774 1.69646 40.20827 1.581266
Car 0 2 1.443068 659 181 695 207 1.455476 1.614714 3.60968 3.399625 1.159454 43.87273 1.520401
Car 0 1 1.768558 520 188 556 212 1.484442 1.564952 4.090225 -5.585832 1.627403 49.42319 1.656016
Car 0 1 -1.688266 653 181 685 204 1.462216 1.667148 3.889512 3.278777 1.126513 49.65263 -1.622327
Car 0 1 1.672073 545 186 569 205 1.561269 1.630639 3.624328 -5.633251 1.527087 64.39878 1.584821
Car 0 2 -1.671297 647 181 672 201 1.508927 1.600727 3.541442 3.108158 1.077175 58.22438 -1.617965
Car 0 2 -1.713765 646 181 669 199 1.531034 1.504644 3.336817 3.217882 1.033616 63.65972 -1.66326
Car 0 2 1.647945 554 187 573 203 1.456842 1.426118 3.51561 -5.493522 1.484194 69.49153 1.569056
Car 0 2 -2.943957 518 183 554 200 1.945312 1.892187 4.609375 -10.98692 1.623439 94.23754 -3.06002
