Car 0 0 1.896594 306 202 419 271 1.417371 1.540477 3.504343 -6.319561 1.877278 18.19532 1.56231
Car 0 0 -1.700758 679 180 758 238 1.512623 1.746308 3.775172 2.861978 1.348917 21.72573 -1.56978
Car 0 0 1.840321 386 199 469 249 1.360295 1.513462 4.017023 -6.197082 1.833012 23.76822 1.585269
Car 0 0 1.755047 457 186 514 230 1.73687 1.652467 4.107703 -5.860734 1.758578 32.07515 1.574322
Car 0 1 1.739934 486 188 531 221 1.609242 1.638188 3.998 -5.903397 1.716267 38.70533 1.588579
Car 0 1 1.687492 520 189 553 212 1.431419 1.697305 3.744055 -5.678941 1.630748 49.57113 1.573428
Car 0 0 -1.623437 650 180 670 197 1.546081 1.6639 4.146974 3.835461 0.9628676 71.10029 -1.569545
Car 0 2 -3.277008 699 177 752 196 1.473782 1.69797 4.648869 9.251398 0.7134279 63.94397 -3.133325
Car 0 2 -3.268995 699 172 747 195 1.909038 1.812069 4.330702 9.447586 0.6818243 67.03545 -3.128983
Car 0 1 -1.502917 564 184 583 201 1.632486 1.608983 3.812409 -4.850399 1.410798 75.46713 -1.567101
Car 0 0 1.642172 554 187 576 204 1.430527 1.566407 3.482533 -4.902829 1.488167 64.40787 1.566197
Car 0 3 -3.268507 693 176 736 194 1.630828 1.672862 4.318664 9.457077 0.6396235 73.22366 -3.140065
Car 0 1 1.616622 572 185 589 198 1.530483 1.680223 3.862273 -4.782808 1.331039 86.75766 1.561549
Car 0 2 1.637783 577 185 592 197 1.420148 1.552787 3.85067 -4.635204 1.285841 92.26401 1.587586
Car 0 2 1.605625 580 185 593 196 1.427379 1.478135 3.709917 -4.602545 1.25123 97.13618 1.558278
Car 0 1 1.606803 582 185 595 196 1.400546 1.647438 4.024915 -4.602846 1.210896 103.1272 1.562199
Car 0 1 3.036194 682 177 712 190 1.639204 1.585631 3.989951 10.41701 0.4141095 98.87374 3.141163
Car 0 3 3.014996 685 177 706 190 1.719717 1.682953 2.781201 10.44083 0.3952844 101.4744 3.117526
Car 0 2 3.021821 679 177 703 190 1.674444 1.672834 3.425593 10.05831 0.4007316 103.7868 3.118432
Car 0 2 -0.3321609 815 168 859 186 1.736666 1.796667 4.374446 23.73784 -0.1876194 79.52272 -0.04207722
Car 0 3 -0.2480181 808 170 851 186 1.55 1.85 4.65 23.8088 -0.2138262 82.83478 0.03186265
Car 0 2 -0.2511098 781 172 815 185 1.532222 1.85 4.267781 23.95613 -0.325434 98.20335 -0.01183884
Car 0 3 -0.236385 776 171 810 185 1.665556 1.85 4.490002 24.02203 -0.3477557 100.9798 -0.002836693
Car 0 3 -0.2461226 775 172 811 185 1.532222 1.85 4.943336 24.62278 -0.4001446 103.8563 -0.01333563
Car 0 3 -0.2597861 773 172 808 184 1.567778 1.85 4.916665 24.92935 -0.4339185 106.3693 -0.0295749
Car 0 2 3.03818 674 178 699 190 1.56902 1.615801 3.690002 9.623005 0.4053891 106.6472 3.128169
Car 0 2 1.653627 585 185 599 195 1.426384 1.614783 4.125178 -4.395205 1.148443 110.7055 1.613946
Car 0 1 -1.631051 646 181 659 192 1.471051 1.596091 3.865517 4.603537 0.6930481 104.894 -1.587191
Car 0 2 -1.612786 645 180 657 191 1.571396 1.572021 4.042688 4.601635 0.6556501 110.462 -1.571152
Car 0 2 1.617551 588 184 599 194 1.481957 1.499868 3.577903 -4.324278 1.10508 116.5649 1.580471
Car 0 2 1.480035 643 181 656 190 1.455476 1.614714 3.60968 4.759892 0.5811176 120.2367 1.519602
Car 0 1 1.688849 590 184 602 193 1.484442 1.564952 4.090225 -4.230654 1.03787 125.7799 1.655226
Car 0 2 -1.659887 641 181 654 190 1.462216 1.667148 3.889512 4.634434 0.5490842 126.0165 -1.623127
Car 0 2 1.614495 594 183 604 192 1.561269 1.630639 3.624328 -4.290005 0.9402673 140.7555 1.584026
Car 0 2 -1.651868 639 181 650 190 1.508927 1.600727 3.541442 4.456993 0.5011041 134.5882 -1.618764
Car 0 2 1.596736 596 184 604 191 1.456842 1.426118 3.51561 -4.154305 0.8985083 145.8483 1.56826
Car 0 3 -0.3244498 826 164 880 187 2.059121 2.073281 4.939535 23.45058 -0.1290281 73.16752 -0.01428857
Car 0 2 -3.004229 570 182 590 191 1.945312 1.892187 4.609375 -9.667809 1.034869 170.5899 -3.060841
Car 0.02556533 0 0.8428133 1124 132 1241 190 2.29979 2.017562 4.728489 24.59024 0.08971167 31.39158 1.507312
Car 0.3134623 1 -0.8716767 0 216 90 267 1.494964 1.698646 4.507233 -20.99867 2.635915 25.33254 -1.563805
Car 0 2 -0.9410778 19 212 155 266 1.5 1.558375 4.451755 -18.54665 2.499899 25.51994 -1.569533
