Car 0.4023715 0 -2.097322 794 179 1241 374 1.512623 1.746308 3.775172 2.422441 1.484951 4.260071 -1.580282
Car 0.9039803 0 2.395278 0 232 95 374 1.360295 1.513462 4.017023 -6.660824 1.896429 6.208818 1.574773
Car 0 0 1.979684 198 187 376 293 1.73687 1.652467 4.107703 -6.411611 1.784847 14.5184 1.563821
Car 0 1 1.877317 340 189 443 253 1.609242 1.638188 3.998 -6.523917 1.710726 21.1475 1.578084
Car 0 1 1.76064 445 189 502 226 1.431419 1.697305 3.744055 -6.4135 1.575119 32.01454 1.562927
Car 0 0 -1.633644 646 177 674 200 1.546081 1.6639 4.146974 2.877707 0.8709795 53.63982 -1.580047
Car 0 0 2.961585 715 173 789 199 1.473782 1.69797 4.648869 8.370436 0.6931646 46.54012 3.139536
Car 0 2 -3.30959 713 167 778 198 1.909038 1.812069 4.330702 8.534218 0.6482292 49.63332 -3.139309
Car 0 2 -1.476822 534 181 560 203 1.632486 1.608983 3.812409 -5.856662 1.237836 57.91655 -1.577602
Car 0 1 1.678697 514 185 546 209 1.430527 1.566407 3.482533 -5.792965 1.367407 46.85783 1.555693
Car 0 2 2.98206 702 172 760 196 1.630828 1.672862 4.318664 8.478729 0.576681 55.82102 3.132799
Car 0 2 1.636199 548 182 569 199 1.530483 1.680223 3.862273 -5.907623 1.104882 69.20667 1.551043
Car 0 2 1.654801 554 183 574 197 1.420148 1.552787 3.85067 -5.817798 1.034536 74.714 1.577091
Car 0 2 1.620973 559 182 575 196 1.427379 1.478135 3.709917 -5.836291 0.9769948 79.58603 1.547771
Car 0 1 1.620523 562 182 579 195 1.400546 1.647438 4.024915 -5.899521 0.9081828 85.57643 1.551694
Car 0 1 3.018774 685 173 720 190 1.639204 1.585631 3.989951 9.169586 0.2359157 81.47847 3.130842
Car 0 3 2.998626 687 173 712 189 1.719717 1.682953 2.781201 9.166103 0.2048948 84.0791 3.107215
Car 0 2 3.007072 680 174 709 189 1.674444 1.672834 3.425593 8.759178 0.1966945 86.38736 3.108121
Car 0 1 -0.4019351 857 163 914 186 1.736666 1.796667 4.374446 22.69769 -0.1813318 62.2669 -0.05238165
Car 0 2 -0.3121696 844 166 901 185 1.55 1.85 4.65 22.73389 -0.2227886 65.57936 0.02152863
Car 0 1 -0.2957875 804 168 845 184 1.532222 1.85 4.267781 22.71986 -0.4064219 80.94794 -0.02215529
Car 0 2 -0.2785476 797 168 839 184 1.665556 1.85 4.490002 22.75662 -0.4414825 83.72482 -0.01315644
Car 0 3 -0.2867537 794 169 838 183 1.532222 1.85 4.943336 23.32734 -0.503372 86.60723 -0.02365124
Car 0 3 -0.2988251 792 169 834 183 1.567778 1.85 4.916665 23.60762 -0.5469612 89.12312 -0.03988425
Car 0 2 3.025186 673 175 703 189 1.56902 1.615801 3.690002 8.293697 0.1847335 89.24294 3.117853
Car 0 1 1.665336 567 182 584 193 1.426384 1.614783 4.125178 -5.771395 0.8111504 93.1562 1.603461
Car 0 1 -1.635322 640 178 656 191 1.471051 1.596091 3.865517 3.291109 0.4458686 87.43814 -1.5977
Car 0 2 -1.616377 639 177 653 190 1.571396 1.572021 4.042688 3.230742 0.3819922 93.00559 -1.581654
Car 0 2 1.628099 572 181 585 192 1.481957 1.499868 3.577903 -5.761978 0.7404305 99.01569 1.569972
Car 0 2 1.477116 637 178 651 189 1.455476 1.614714 3.60968 3.286398 0.2620984 102.781 1.509079
Car 0 1 1.697975 575 181 589 191 1.484442 1.564952 4.090225 -5.7651 0.6300703 108.2308 1.644759
Car 0 1 -1.662199 635 178 649 188 1.462216 1.667148 3.889512 3.100208 0.2017213 108.5589 -1.633649
Car 0 2 1.622043 580 180 591 190 1.561269 1.630639 3.624328 -5.981733 0.4608749 123.2042 1.573529
Car 0 2 -1.653465 632 178 645 188 1.508927 1.600727 3.541442 2.832676 0.1117673 117.1279 -1.629285
Car 0 3 -1.698103 632 178 644 187 1.531034 1.504644 3.336817 2.881035 0.04426241 122.5639 -1.674601
Car 0 2 1.603707 583 180 592 189 1.456842 1.426118 3.51561 -5.899477 0.3958514 128.298 1.557757
Car 0 1 -0.4068566 876 157 949 187 2.059121 2.073281 4.939535 22.47708 -0.09452879 55.90936 -0.02460392
Car 0 2 -2.995029 554 179 576 189 1.945312 1.892187 4.609375 -11.67449 0.3763252 152.9802 -3.071196
Car 0 0 1.684961 530 185 572 213 1.406945 1.755342 4.396943 -3.788444 1.34933 40.36309 1.591376
