Car 0.97027 2 -2.544789 1015 192 1241 374 1.404795 1.612032 3.772344 2.982805 1.437184 2.025458 -1.570516
Car 0 0 -1.846402 781 182 1020 344 1.413269 1.567278 3.158158 2.937679 1.394692 8.158087 -1.500763
Car 0 0 2.029455 163 207 360 321 1.527328 1.555003 3.576751 -5.989659 1.964695 12.64635 1.587127
Car 0 0 1.729914 472 193 518 227 1.417371 1.540477 3.504343 -6.02828 1.798922 35.32105 1.560872
Car 0 1 -1.651873 659 179 700 210 1.512623 1.746308 3.775172 3.141068 1.152927 38.86356 -1.571225
Car 0 1 1.727434 494 192 534 220 1.360295 1.513462 4.017023 -5.913949 1.74981 40.89408 1.583813
Car 0 0 1.686001 520 185 554 213 1.73687 1.652467 4.107703 -5.589865 1.666217 49.20142 1.572874
Car 0 2 1.687835 532 186 561 209 1.609242 1.638188 3.998 -5.642075 1.62051 55.83152 1.587121
Car 0 1 1.653266 549 187 573 204 1.431419 1.697305 3.744055 -5.43349 1.525722 66.69754 1.571981
Car 0 0 -1.616771 646 180 662 193 1.546081 1.6639 4.146974 4.042458 0.7253437 88.23914 -1.570991
Car 0 1 -3.250829 685 176 726 192 1.473782 1.69797 4.648869 9.464556 0.4119942 81.09001 -3.134638
Car 0 2 -3.2445 685 172 723 191 1.909038 1.812069 4.330702 9.656124 0.3760881 84.18172 -3.130294
Car 0 1 -1.518447 576 184 592 197 1.632486 1.608983 3.812409 -4.643005 1.279987 92.5945 -1.568548
Car 0 0 1.622084 570 186 587 199 1.430527 1.566407 3.482533 -4.679415 1.364574 81.53522 1.564756
Car 0 3 -3.247837 681 175 716 190 1.630828 1.672862 4.318664 9.656666 0.3300977 90.36992 -3.141384
Car 0 2 1.604283 582 184 595 195 1.530483 1.680223 3.862273 -4.59178 1.192681 103.8851 1.560111
Car 0 2 1.626806 585 184 597 195 1.420148 1.552787 3.85067 -4.45225 1.142359 109.3916 1.586129
Car 0 2 1.595564 587 184 598 194 1.427379 1.478135 3.709917 -4.426649 1.104448 114.2638 1.556843
Car 0 2 1.59763 588 184 600 193 1.400546 1.647438 4.024915 -4.435612 1.060565 120.2547 1.560761
Car 0 2 3.048914 674 176 699 188 1.639204 1.585631 3.989951 10.5788 0.07729101 116.0211 3.139843
Car 0 3 3.027074 677 176 694 187 1.719717 1.682953 2.781201 10.59884 0.0566237 118.6218 3.116188
Car 0 2 3.032841 671 176 692 188 1.674444 1.672834 3.425593 10.21328 0.06551313 120.9337 3.117095
Car 0 3 3.048047 667 177 689 188 1.56902 1.615801 3.690002 9.77417 0.07395196 123.7935 3.126839
Car 0 2 1.645617 591 184 602 193 1.426384 1.614783 4.125178 -4.239073 0.9910039 127.8333 1.612468
Car 0 1 -1.627619 643 180 655 189 1.471051 1.596091 3.865517 4.761108 0.4258161 122.0337 -1.588624
Car 0 2 -1.609814 642 180 653 189 1.571396 1.572021 4.042688 4.751179 0.3851392 127.6017 -1.572596
Car 0 2 1.610249 593 183 603 192 1.481957 1.499868 3.577903 -4.176661 0.9432738 133.6927 1.579018
Car 0 2 1.482578 641 180 652 188 1.455476 1.614714 3.60968 4.895191 0.3028181 137.3766 1.518197
Car 0 1 1.682375 594 183 605 191 1.484442 1.564952 4.090225 -4.096432 0.8694198 142.9078 1.653718
Car 0 2 -1.65778 640 180 650 188 1.462216 1.667148 3.889512 4.761478 0.268935 143.1562 -1.624531
Car 0 2 1.609024 597 183 606 190 1.561269 1.630639 3.624328 -4.177368 0.7636819 157.8832 1.582571
Car 0 2 -1.650294 638 180 647 188 1.508927 1.600727 3.541442 4.571785 0.2181044 151.7275 -1.620172
Car 0 3 -1.695136 638 180 647 188 1.531034 1.504644 3.336817 4.669247 0.1711524 157.1631 -1.665435
Car 0 3 1.591657 599 183 606 190 1.456842 1.426118 3.51561 -4.049141 0.7171946 162.9763 1.566817
Car 0 1 -0.2715742 789 164 832 183 2.059121 2.073281 4.939535 23.63945 -0.6146152 90.33224 -0.01561957
Car 0 3 -3.011033 575 182 593 191 1.945312 1.892187 4.609375 -9.594135 0.9082632 187.7104 -3.0621
Car 0 1 -1.031491 148 212 219 242 1.429688 1.8 3.960938 -25.80559 3.078467 43.00447 -1.57196
Car 0 1 -1.074924 193 210 257 239 1.399088 1.6037 3.967162 -23.36051 2.912889 43.0493 -1.572103
Car 0 1 -1.111326 231 206 299 237 1.494964 1.698646 4.507233 -20.70637 2.738049 42.43887 -1.565255
Car 0 2 -1.16635 278 203 338 234 1.5 1.558375 4.451755 -18.25651 2.571065 42.62952 -1.570979
