Car 0.2800887 0 2.209646 0 197 220 374 1.73687 1.652467 4.107703 -6.740583 1.929282 8.76282 1.553954
Car 0 0 1.99066 199 196 366 290 1.609242 1.638188 3.998 -6.918264 1.863251 15.39057 1.568211
Car 0 1 1.810565 389 193 464 240 1.431419 1.697305 3.744055 -6.915158 1.738507 26.2583 1.55306
Car 0 0 -1.63487 638 178 669 203 1.546081 1.6639 4.146974 2.158224 0.9820701 47.97412 -1.589913
Car 0 0 2.943309 716 172 800 203 1.473782 1.69797 4.648869 7.718441 0.7518159 40.92866 3.129702
Car 0 2 2.957549 713 165 787 201 1.909038 1.812069 4.330702 7.851616 0.708894 44.02336 3.134044
Car 0 2 -1.461347 513 183 543 208 1.632486 1.608983 3.812409 -6.61423 1.424724 52.16485 -1.587469
Car 0 1 1.701264 487 188 525 216 1.430527 1.566407 3.482533 -6.441422 1.541805 41.10715 1.545829
Car 0 2 2.97011 701 171 765 198 1.630828 1.672862 4.318664 7.735077 0.6444956 50.21029 3.122962
Car 0 2 1.647574 531 184 555 203 1.530483 1.680223 3.862273 -6.7766 1.304404 63.45405 1.541182
Car 0 2 1.66466 539 184 560 201 1.420148 1.552787 3.85067 -6.74118 1.239288 68.96207 1.567218
Car 0 2 1.629855 545 184 562 199 1.427379 1.478135 3.709917 -6.807752 1.187171 73.83374 1.537911
Car 0 1 1.628433 548 184 567 198 1.400546 1.647438 4.024915 -6.930076 1.125358 79.8233 1.541832
Car 0 1 3.013708 680 173 718 191 1.639204 1.585631 3.989951 8.172369 0.3258727 75.87361 3.121005
Car 0 3 2.993967 682 173 710 190 1.719717 1.682953 2.781201 8.143221 0.297695 78.47411 3.097367
Car 0 2 3.003069 674 174 706 190 1.674444 1.672834 3.425593 7.713707 0.2953088 80.77829 3.098273
Car 0 1 -0.430013 869 160 932 185 1.736666 1.796667 4.374446 21.88372 -0.2223961 56.79569 -0.06223771
Car 0 2 -0.3375009 854 163 916 185 1.55 1.85 4.65 21.8872 -0.2605622 60.10839 0.01170501
Car 0 1 -0.3122177 807 167 852 184 1.532222 1.85 4.267781 21.7215 -0.4274462 75.47627 -0.03199788
Car 0 2 -0.2938682 800 166 845 183 1.665556 1.85 4.490002 21.73083 -0.459801 78.25342 -0.02299531
Car 0 3 -0.3013907 796 167 843 183 1.532222 1.85 4.943336 22.27283 -0.5232205 81.14133 -0.03349464
Car 0 2 -0.3127778 793 167 839 183 1.567778 1.85 4.916665 22.52815 -0.5663702 83.65987 -0.04973476
Car 0 2 3.021887 667 175 700 190 1.56902 1.615801 3.690002 7.220263 0.2902313 83.62918 3.10801
Car 0 1 1.672094 555 183 572 196 1.426384 1.614783 4.125178 -6.876822 1.035486 87.40405 1.593577
Car 0 1 -1.634918 632 179 649 192 1.471051 1.596091 3.865517 2.237848 0.5901742 81.77528 -1.607559
Car 0 2 -1.615816 631 178 646 192 1.571396 1.572021 4.042688 2.122559 0.5328157 87.34193 -1.59152
Car 0 2 1.634221 560 182 574 195 1.481957 1.499868 3.577903 -6.92524 0.9710318 93.26343 1.560103
Car 0 2 1.477805 629 179 644 190 1.455476 1.614714 3.60968 2.081705 0.4230493 97.11752 1.499236
Car 0 1 1.703246 563 182 579 193 1.484442 1.564952 4.090225 -7.019318 0.8706714 102.4781 1.634857
Car 0 2 -1.661359 626 179 641 190 1.462216 1.667148 3.889512 1.838573 0.3704432 102.8934 -1.643492
Car 0 1 1.626442 569 181 581 191 1.561269 1.630639 3.624328 -7.383627 0.7194484 117.4489 1.563658
Car 0 2 -1.652467 624 178 637 189 1.508927 1.600727 3.541442 1.486591 0.291944 111.4594 -1.63913
Car 0 3 -1.697096 624 178 636 188 1.531034 1.504644 3.336817 1.481274 0.2299291 116.8957 -1.684425
Car 0 2 1.607813 572 182 582 191 1.456842 1.426118 3.51561 -7.351694 0.6592679 122.5433 1.547892
Car 0 0 -0.4411877 893 153 974 187 2.059121 2.073281 4.939535 21.72595 -0.1406766 50.43621 -0.03444765
Car 0 2 -2.990414 543 180 566 191 1.945312 1.892187 4.609375 -13.3676 0.7135125 147.1679 -3.080998
Car 0 0 1.716853 498 188 555 225 1.406945 1.755342 4.396943 -4.008323 1.512878 31.75751 1.5913
