Car 0.2444472 0 -2.077101 797 169 1241 374 1.50992 1.85 4.930564 2.898521 1.442701 5.229193 -1.570965
Car 0 1 -1.817211 730 187 894 293 1.404795 1.612032 3.772344 3.004717 1.435759 11.98125 -1.571494
Car 0 1 -1.663408 700 186 781 252 1.413269 1.567278 3.158158 2.953615 1.440266 18.11398 -1.501773
Car 0 0 1.84471 381 203 467 261 1.527328 1.555003 3.576751 -5.974547 2.094986 22.58904 1.586142
Car 0 0 1.692452 506 197 540 222 1.417371 1.540477 3.504343 -6.035323 2.102258 45.2643 1.559899
Car 0 1 -1.636164 651 185 683 210 1.512623 1.746308 3.775172 3.126903 1.431387 48.82061 -1.572203
Car 0 1 1.698883 520 196 551 218 1.360295 1.513462 4.017023 -5.926488 2.094976 50.83765 1.58283
Car 0 1 1.666474 537 190 565 214 1.73687 1.652467 4.107703 -5.61065 2.072868 59.14569 1.571896
Car 0 2 1.672115 545 191 570 211 1.609242 1.638188 3.998 -5.669322 2.077991 65.77589 1.586136
Car 0 1 1.642271 559 192 579 207 1.431419 1.697305 3.744055 -5.471441 2.064844 76.64252 1.571003
Car 0 0 -1.612473 643 185 657 197 1.546081 1.6639 4.146974 3.979668 1.375044 98.19887 -1.571968
Car 0 1 -3.239068 677 181 714 196 1.473782 1.69797 4.648869 9.406578 0.9765277 91.05763 -3.136129
Car 0 2 -3.233345 678 178 711 195 1.909038 1.812069 4.330702 9.595051 0.9631031 94.14973 -3.131783
Car 0 1 -1.52366 580 189 594 201 1.632486 1.608983 3.812409 -4.706589 2.012022 102.5414 -1.569527
Car 0 0 1.615463 576 191 590 203 1.430527 1.566407 3.482533 -4.732178 2.012522 91.48176 1.563781
Car 0 3 3.045025 674 181 706 195 1.630828 1.672862 4.318664 9.589546 0.9642756 100.3381 3.140308
Car 0 2 1.600109 585 189 597 200 1.530483 1.680223 3.862273 -4.666424 2.010484 113.8323 1.559138
Car 0 2 1.623105 587 190 599 199 1.420148 1.552787 3.85067 -4.532331 2.001343 119.3392 1.585144
Car 0 2 1.592176 589 190 599 199 1.427379 1.478135 3.709917 -4.511499 2.000423 124.2115 1.555871
Car 0 2 1.594537 590 190 601 198 1.400546 1.647438 4.024915 -4.526316 2.002253 130.2027 1.559788
Car 0 2 3.05531 670 182 693 193 1.639204 1.585631 3.989951 10.48623 0.9017651 125.9914 3.138348
Car 0 3 3.033182 672 182 688 192 1.719717 1.682953 2.781201 10.50372 0.9008064 128.5921 3.114683
Car 0 3 3.038465 667 182 686 192 1.674444 1.672834 3.425593 10.11605 0.9294984 130.9035 3.11559
Car 0 2 -0.264791 767 173 799 187 1.736666 1.796667 4.374446 23.83831 -0.0789392 106.6774 -0.04494121
Car 0 3 3.053139 663 183 683 192 1.56902 1.615801 3.690002 9.674332 0.9622185 133.7627 3.125338
Car 0 2 1.642941 592 189 603 197 1.426384 1.614783 4.125178 -4.337282 1.989344 137.7818 1.611472
Car 0 1 -1.624921 641 186 652 194 1.471051 1.596091 3.865517 4.664993 1.329032 131.9954 -1.589594
Car 0 2 -1.60736 640 185 650 194 1.571396 1.572021 4.042688 4.649616 1.330851 137.5635 -1.573573
Car 0 3 1.607829 595 189 604 197 1.481957 1.499868 3.577903 -4.280624 1.985922 143.6414 1.578037
Car 0 2 1.484782 639 186 649 193 1.455476 1.614714 3.60968 4.784016 1.322219 147.3389 1.51724
Car 0 1 1.680233 596 189 606 196 1.484442 1.564952 4.090225 -4.209419 1.981851 152.8569 1.652701
Car 0 2 -1.655812 638 186 648 193 1.462216 1.667148 3.889512 4.644695 1.333144 153.1185 -1.625487
Car 0 2 1.607233 598 188 606 195 1.561269 1.630639 3.624328 -4.304977 1.990714 167.8326 1.581589
Car 0 2 -1.648624 636 186 645 193 1.508927 1.600727 3.541442 4.446701 1.348718 161.6898 -1.62113
Car 0 3 -1.693529 636 186 645 193 1.531034 1.504644 3.336817 4.538811 1.342644 167.1256 -1.666377
Car 0 3 1.590019 600 189 607 195 1.456842 1.426118 3.51561 -4.181774 1.98232 172.9259 1.565841
Car 0 1 -0.2478497 772 170 810 187 2.059121 2.073281 4.939535 23.56678 -0.05983377 100.3213 -0.01712009
Car 0 3 -3.014275 576 188 594 196 1.945312 1.892187 4.609375 -9.748737 2.393283 197.6525 -3.063557
Car 0 2 -1.237458 345 206 389 230 1.5 1.558375 4.451755 -18.26582 2.999289 52.55471 -1.571956
