Car 0 0 -1.679441 668 181 738 236 1.546081 1.6639 4.146974 2.505986 1.379046 22.726 -1.569615
Car 0 0 -3.604313 872 171 1120 251 1.473782 1.69797 4.648869 7.925904 1.206314 15.57044 -3.133463
Car 0 1 -3.539618 844 155 1037 238 1.909038 1.812069 4.330702 8.122 1.175283 18.66192 -3.129125
Car 0 0 -1.34269 418 188 487 237 1.632486 1.608983 3.812409 -6.18576 1.708636 27.09167 -1.567169
Car 0 1 1.937155 263 201 398 279 1.430527 1.566407 3.482533 -6.237443 1.792588 16.03244 1.566123
Car 0 1 -3.456423 791 170 928 223 1.630828 1.672862 4.318664 8.13106 1.129135 24.85011 -3.140199
Car 0 1 1.719563 481 188 526 220 1.530483 1.680223 3.862273 -6.11893 1.622343 38.38214 1.561472
Car 0 1 1.722759 503 189 539 214 1.420148 1.552787 3.85067 -5.971624 1.575482 43.8885 1.587526
Car 0 1 1.679407 517 188 546 211 1.427379 1.478135 3.709917 -5.939285 1.538099 48.76065 1.558199
Car 0 1 1.67019 527 187 556 208 1.400546 1.647438 4.024915 -5.940015 1.493817 54.75161 1.562123
Car 0 1 2.962942 722 175 781 201 1.639204 1.585631 3.989951 9.089788 0.899496 50.5002 3.14103
Car 0 2 2.947439 725 175 766 200 1.719717 1.682953 2.781201 9.113441 0.8792756 53.10083 3.117409
Car 0 2 2.962046 712 176 759 199 1.674444 1.672834 3.425593 8.730507 0.8781155 55.4132 3.118314
Car 0 0 -0.6660328 1080 156 1207 200 1.736666 1.796667 4.374446 22.42055 0.487586 31.15104 -0.04218305
Car 0 2 -0.5465062 1035 162 1155 199 1.55 1.85 4.65 22.49132 0.460142 34.46309 0.03170895
Car 0 3 2.986653 701 177 748 199 1.56902 1.615801 3.690002 8.29472 0.8751032 58.27347 3.128044
Car 0 1 1.705619 540 186 567 204 1.426384 1.614783 4.125178 -5.732777 1.429135 62.32998 1.613903
Car 0 1 -1.645103 650 182 676 202 1.471051 1.596091 3.865517 3.272146 1.09719 56.51967 -1.587273
Car 0 2 -1.623839 648 180 670 200 1.571396 1.572021 4.042688 3.269861 1.056102 62.08766 -1.571223
Car 0 1 1.663253 550 185 570 202 1.481957 1.499868 3.577903 -5.662215 1.382858 68.1893 1.580406
Car 0 2 1.471838 645 182 666 197 1.455476 1.614714 3.60968 3.427528 0.9772385 71.86235 1.519498
Car 0 1 1.727035 558 185 579 200 1.484442 1.564952 4.090225 -5.569192 1.310826 77.40428 1.655209
Car 0 2 -1.665729 642 182 662 196 1.462216 1.667148 3.889512 3.301582 0.939732 77.64212 -1.623232
Car 0 1 1.644829 569 184 584 197 1.561269 1.630639 3.624328 -5.629631 1.202576 92.37977 1.583964
Car 0 2 -1.655079 639 181 656 194 1.508927 1.600727 3.541442 3.123407 0.8837504 86.21368 -1.618866
Car 0 3 -1.699406 638 181 654 194 1.531034 1.504644 3.336817 3.228495 0.8391718 91.64909 -1.664194
Car 0 2 1.624495 573 184 586 196 1.456842 1.426118 3.51561 -5.494215 1.159268 97.47263 1.568187
Car 0.6869236 0 -0.7431418 1175 144 1241 206 2.059121 2.073281 4.939535 22.13355 0.5465418 24.79583 -0.01441244
Car 0 2 -2.971155 541 182 569 194 1.945312 1.892187 4.609375 -11.01302 1.206048 122.2133 -3.061026
Car 0.1410099 0 2.087241 0 215 361 374 1.414443 1.655112 3.354591 -3.855173 1.761838 6.780026 1.570225
