Car 0.003581166 0 -1.890346 799 182 1093 374 1.413269 1.567278 3.158158 2.90901 1.398188 7.087063 -1.500848
Car 0 0 2.066528 112 209 337 336 1.527328 1.555003 3.576751 -6.018526 1.967343 11.57504 1.587043
Car 0 0 1.735885 467 193 514 228 1.417371 1.540477 3.504343 -6.059055 1.78389 34.24961 1.560788
Car 0 1 -1.653411 660 179 702 211 1.512623 1.746308 3.775172 3.109809 1.132405 37.79236 -1.571309
Car 0 1 1.731927 490 192 532 221 1.360295 1.513462 4.017023 -5.945198 1.730395 39.82261 1.583729
Car 0 0 1.689068 517 185 552 213 1.73687 1.652467 4.107703 -5.621813 1.640224 48.1299 1.57279
Car 0 2 1.690295 530 186 560 209 1.609242 1.638188 3.998 -5.674578 1.58936 54.75996 1.587037
Car 0 1 1.655009 548 187 572 204 1.431419 1.697305 3.744055 -5.466916 1.486032 65.62592 1.571897
Car 0 0 -1.617012 646 179 662 193 1.546081 1.6639 4.146974 4.007032 0.6660289 87.16768 -1.571075
Car 0 1 -3.251969 685 175 727 191 1.473782 1.69797 4.648869 9.429615 0.3566461 80.01873 -3.134667
Car 0 2 -3.24557 685 172 724 191 1.909038 1.812069 4.330702 9.620922 0.3182707 83.11044 -3.130323
Car 0 1 -1.517557 576 183 591 197 1.632486 1.608983 3.812409 -4.678625 1.219856 91.52275 -1.568632
Car 0 0 1.623192 569 185 586 199 1.430527 1.566407 3.482533 -4.714104 1.313083 80.46354 1.564672
Car 0 3 -3.248738 681 175 716 190 1.630828 1.672862 4.318664 9.620947 0.2674518 89.2986 -3.141412
Car 0 2 1.605014 581 183 595 195 1.530483 1.680223 3.862273 -4.628351 1.123725 102.8132 1.560027
Car 0 2 1.627465 584 184 597 194 1.420148 1.552787 3.85067 -4.489285 1.069066 108.3197 1.586044
Car 0 2 1.596177 587 184 598 194 1.427379 1.478135 3.709917 -4.464106 1.027346 113.1919 1.556759
Car 0 2 1.598195 588 184 599 193 1.400546 1.647438 4.024915 -4.47356 0.9787909 119.1828 1.560677
Car 0 2 3.048369 675 176 700 187 1.639204 1.585631 3.989951 10.54091 -0.005643129 114.9497 3.139814
Car 0 3 3.026559 677 175 695 187 1.719717 1.682953 2.781201 10.56073 -0.02834558 117.5503 3.116158
Car 0 2 3.032379 672 176 693 187 1.674444 1.672834 3.425593 10.17498 -0.02114511 119.8622 3.117065
Car 0 2 3.047644 667 177 689 187 1.56902 1.615801 3.690002 9.735645 -0.01480722 122.7219 3.126809
Car 0 2 1.646117 590 183 602 192 1.426384 1.614783 4.125178 -4.277678 0.9032583 126.7614 1.612383
Car 0 1 -1.627732 643 180 655 189 1.471051 1.596091 3.865517 4.72282 0.33992 120.962 -1.588708
Car 0 2 -1.609907 642 179 653 189 1.571396 1.572021 4.042688 4.712418 0.2949021 126.53 -1.57268
Car 0 2 1.610712 593 183 603 192 1.481957 1.499868 3.577903 -4.215752 0.8509378 132.6207 1.578934
Car 0 2 1.482505 641 180 652 188 1.455476 1.614714 3.60968 4.855606 0.204911 136.3048 1.518113
Car 0 1 1.682787 594 183 605 191 1.484442 1.564952 4.090225 -4.136299 0.7698698 141.8358 1.653633
Car 0 2 -1.657832 639 180 650 188 1.462216 1.667148 3.889512 4.72142 0.1665583 142.0844 -1.624614
Car 0 2 1.609382 597 182 606 190 1.561269 1.630639 3.624328 -4.218494 0.6524718 156.8111 1.582487
Car 0 2 -1.650321 638 180 647 187 1.508927 1.600727 3.541442 4.530998 0.1090963 150.6557 -1.620255
Car 0 3 -1.695158 638 180 647 187 1.531034 1.504644 3.336817 4.628017 0.05787444 156.0912 -1.665518
Car 0 2 1.591994 599 183 606 190 1.456842 1.426118 3.51561 -4.090694 0.6019728 161.9041 1.566733
Car 0 1 -0.2741627 791 163 834 182 2.059121 2.073281 4.939535 23.60345 -0.6813881 89.26132 -0.01564882
Car 0 3 -3.010536 574 182 592 190 1.945312 1.892187 4.609375 -9.637646 0.7753909 186.6379 -3.062129
Car 0 1 -1.019835 135 213 209 243 1.429688 1.8 3.960938 -25.83661 3.063318 41.93241 -1.572044
Car 0 1 -1.063799 181 211 248 240 1.399088 1.6037 3.967162 -23.39159 2.896979 41.97731 -1.572187
Car 0 1 -1.100649 220 206 290 238 1.494964 1.698646 4.507233 -20.73745 2.721826 41.36695 -1.56534
Car 0 2 -1.15651 268 203 331 235 1.5 1.558375 4.451755 -18.28766 2.553965 41.55767 -1.571063
