Car 0 0 -1.863263 735 179 992 345 1.512623 1.746308 3.775172 2.599111 1.437894 8.613367 -1.570199
Car 0 0 2.130384 14 210 294 340 1.360295 1.513462 4.017023 -6.466127 1.802855 10.6532 1.584859
Car 0 0 1.886758 320 184 438 261 1.73687 1.652467 4.107703 -6.133069 1.690028 18.95983 1.573904
Car 0 1 1.825083 403 186 481 238 1.609242 1.638188 3.998 -6.178541 1.61334 25.5897 1.588171
Car 0 1 1.735026 477 187 525 219 1.431419 1.697305 3.744055 -5.958515 1.475016 36.45503 1.57301
Car 0 0 -1.631152 653 177 678 198 1.546081 1.6639 4.146974 3.552443 0.8113391 57.98586 -1.569964
Car 0 0 -3.308366 715 174 783 198 1.473782 1.69797 4.648869 8.974558 0.6634391 50.83139 -3.133611
Car 0 1 -3.297711 714 168 774 196 1.909038 1.812069 4.330702 9.169561 0.6183994 53.92278 -3.129273
Car 0 2 -1.485261 549 181 572 201 1.632486 1.608983 3.812409 -5.140357 1.132741 62.35004 -1.567518
Car 0 1 1.666583 533 184 561 206 1.430527 1.566407 3.482533 -5.18818 1.265967 51.29128 1.565774
Car 0 2 -3.291837 705 173 758 194 1.630828 1.672862 4.318664 9.176464 0.5447053 60.1107 -3.140347
Car 0 3 1.629964 560 181 580 197 1.530483 1.680223 3.862273 -5.077469 0.9961248 73.64005 1.561123
Car 0 2 1.649413 566 182 584 196 1.420148 1.552787 3.85067 -4.932093 0.9245731 79.14619 1.587177
Car 0 2 1.616122 571 182 586 195 1.427379 1.478135 3.709917 -4.901457 0.8654695 84.01812 1.55785
Car 0 1 1.616207 573 181 589 194 1.400546 1.647438 4.024915 -4.904274 0.7945321 90.00883 1.561774
Car 0 1 3.02335 690 174 723 189 1.639204 1.585631 3.989951 10.12618 0.1996987 85.75983 3.140882
Car 0 3 3.002903 692 174 716 188 1.719717 1.682953 2.781201 10.14894 0.1678762 88.36034 3.11726
Car 0 2 3.010882 685 174 713 188 1.674444 1.672834 3.425593 9.765217 0.1569225 90.67257 3.118166
Car 0 2 -0.3819315 851 165 904 186 1.736666 1.796667 4.374446 23.46297 -0.143351 66.41348 -0.04233202
Car 0 2 -0.2939382 839 168 892 186 1.55 1.85 4.65 23.53258 -0.1856236 69.7254 0.03156102
Car 0 1 -0.283458 803 170 842 184 1.532222 1.85 4.267781 23.67355 -0.3739605 85.09328 -0.01211269
Car 0 2 -0.2669713 797 169 837 184 1.665556 1.85 4.490002 23.7383 -0.4096723 87.86964 -0.003116266
Car 0 3 -0.2756427 795 170 836 184 1.532222 1.85 4.943336 24.3382 -0.469545 90.74617 -0.01360849
Car 0 3 -0.2881844 792 170 833 183 1.567778 1.85 4.916665 24.64391 -0.5124753 93.25909 -0.02983761
Car 0 2 3.02849 679 175 708 188 1.56902 1.615801 3.690002 9.328457 0.1417469 93.53265 3.127896
Car 0 1 1.661675 578 181 593 192 1.426384 1.614783 4.125178 -4.699697 0.6958625 97.58691 1.613554
Car 0 1 -1.634513 647 178 663 190 1.471051 1.596091 3.865517 4.30677 0.3781302 91.77818 -1.587622
Car 0 2 -1.615742 646 177 660 189 1.571396 1.572021 4.042688 4.30254 0.3122699 97.34593 -1.571572
Car 0 2 1.624796 582 180 595 191 1.481957 1.499868 3.577903 -4.631178 0.6234241 103.446 1.580057
Car 0 2 1.477569 644 178 658 188 1.455476 1.614714 3.60968 4.456787 0.189711 107.1202 1.51915
Car 0 1 1.695149 585 180 598 190 1.484442 1.564952 4.090225 -4.541372 0.51027 112.6606 1.65486
Car 0 2 -1.661903 642 178 655 188 1.462216 1.667148 3.889512 4.328835 0.1266503 112.8997 -1.623579
Car 0 2 1.619694 589 179 600 189 1.561269 1.630639 3.624328 -4.607046 0.3354653 127.6354 1.583615
Car 0 2 -1.653346 640 178 652 187 1.508927 1.600727 3.541442 4.147675 0.03276038 121.4709 -1.619214
Car 0 3 -1.698024 639 177 651 187 1.531034 1.504644 3.336817 4.250866 -0.03613877 126.9061 -1.66454
Car 0 2 1.601529 592 180 601 188 1.456842 1.426118 3.51561 -4.4734 0.2693222 132.7281 1.567839
Car 0 3 -0.382877 867 160 934 187 2.059121 2.073281 4.939535 23.17821 -0.05574715 60.0585 -0.01456089
Car 0 2 -2.997751 564 178 585 188 1.945312 1.892187 4.609375 -10.00053 0.2131535 157.4669 -3.061174
Car 0 0 1.662527 551 183 585 207 1.406945 1.755342 4.396943 -3.386139 1.232906 47.55666 1.591445
