Car 0.990257 2 -2.551667 1087 200 1241 374 1.413269 1.567278 3.158158 2.81091 1.449788 1.608152 -1.500531
Car 0.8745474 0 2.374064 0 227 128 374 1.527328 1.555003 3.576751 -6.115867 2.001267 6.099852 1.587355
Car 0 0 1.771642 433 194 493 236 1.417371 1.540477 3.504343 -6.149361 1.776023 28.77405 1.561098
Car 0 0 -1.664228 664 177 714 215 1.512623 1.746308 3.775172 3.021256 1.127682 32.31285 -1.570999
Car 0 1 1.757937 466 193 516 226 1.360295 1.513462 4.017023 -6.033762 1.712387 34.3469 1.584041
Car 0 0 1.706126 502 184 542 216 1.73687 1.652467 4.107703 -5.707782 1.607261 42.65392 1.5731
Car 0 1 1.703664 518 185 552 211 1.609242 1.638188 3.998 -5.758493 1.544134 49.28389 1.587349
Car 0 1 1.664175 540 186 566 205 1.431419 1.697305 3.744055 -5.547441 1.421018 60.14958 1.572207
Car 0 0 -1.618885 647 178 665 192 1.546081 1.6639 4.146974 3.933867 0.5713416 81.68694 -1.570765
Car 0 1 -3.259095 689 174 735 191 1.473782 1.69797 4.648869 9.354618 0.2808383 74.53582 -3.134243
Car 0 2 -3.252268 689 170 730 190 1.909038 1.812069 4.330702 9.546902 0.2369721 77.6274 -3.129899
Car 0 1 -1.513162 572 182 589 197 1.632486 1.608983 3.812409 -4.751049 1.107993 86.04565 -1.568322
Car 0 0 1.628772 565 184 583 199 1.430527 1.566407 3.482533 -4.789972 1.221545 74.98663 1.564981
Car 0 3 -3.254426 685 173 722 189 1.630828 1.672862 4.318664 9.548841 0.1747599 83.81544 -3.140988
Car 0 2 1.608558 578 182 593 195 1.530483 1.680223 3.862273 -4.697271 0.991127 97.33591 1.560337
Car 0 2 1.630633 582 183 595 194 1.420148 1.552787 3.85067 -4.556486 0.9264756 102.8423 1.586356
Car 0 2 1.599097 584 183 596 193 1.427379 1.478135 3.709917 -4.529789 0.8758117 107.7143 1.557068
Car 0 2 1.60087 586 183 598 192 1.400546 1.647438 4.024915 -4.537388 0.8162159 113.7052 1.560987
Car 0 1 3.044821 677 174 703 186 1.639204 1.585631 3.989951 10.47682 -0.1445942 109.4657 3.140239
Car 0 3 3.023186 679 174 698 186 1.719717 1.682953 2.781201 10.49746 -0.1720641 112.0663 3.116585
Car 0 2 3.02931 674 174 696 186 1.674444 1.672834 3.425593 10.11239 -0.1695273 114.3783 3.117492
Car 0 3 -0.2162141 762 168 793 180 1.665556 1.85 4.490002 24.06946 -1.074194 111.5843 -0.003762769
Car 0 3 -0.2265219 761 169 793 180 1.532222 1.85 4.943336 24.66628 -1.14294 114.4613 -0.01426893
Car 0 3 -0.2408253 760 169 792 180 1.567778 1.85 4.916665 24.96957 -1.188422 116.9744 -0.03051985
Car 0 2 3.044907 669 175 692 186 1.56902 1.615801 3.690002 9.673916 -0.1689177 117.2382 3.127235
Car 0 2 1.648459 589 182 601 191 1.426384 1.614783 4.125178 -4.339128 0.7269361 121.2835 1.612698
Car 0 1 -1.628732 644 178 656 188 1.471051 1.596091 3.865517 4.660198 0.1837649 115.4804 -1.588399
Car 0 2 -1.610778 643 178 654 188 1.571396 1.572021 4.042688 4.651527 0.1284842 121.0483 -1.57237
Car 0 2 1.612859 591 182 601 191 1.481957 1.499868 3.577903 -4.275396 0.6638927 127.1427 1.579245
Car 0 2 1.481762 642 178 653 187 1.455476 1.614714 3.60968 4.79776 0.02064705 130.8229 1.51842
Car 0 1 1.684692 593 181 604 190 1.484442 1.564952 4.090225 -4.193071 0.5659418 136.3576 1.653951
Car 0 2 -1.658448 640 178 651 187 1.462216 1.667148 3.889512 4.665348 -0.02848887 136.6024 -1.624308
Car 0 2 1.611011 596 181 605 189 1.561269 1.630639 3.624328 -4.270622 0.4208846 151.3327 1.582798
Car 0 2 -1.650782 638 178 648 186 1.508927 1.600727 3.541442 4.477577 -0.1019328 145.1737 -1.619949
Car 0 2 1.593511 598 181 605 188 1.456842 1.426118 3.51561 -4.141243 0.3611431 156.4256 1.567043
Car 0 3 -0.2890735 801 161 848 181 2.059121 2.073281 4.939535 23.53233 -0.7592697 83.77223 -0.01522259
Car 0 2 -3.008324 573 180 591 189 1.945312 1.892187 4.609375 -9.68092 0.4831729 181.1613 -3.061711
Car 0 2 0.9741122 1005 137 1092 181 2.29979 2.017562 4.728489 24.72207 -0.4196743 41.99849 1.506138
Car 0 1 -0.9536775 56 216 148 251 1.429688 1.8 3.960938 -25.92594 3.020454 36.46513 -1.571734
Car 0 1 -1.000332 110 213 193 248 1.399088 1.6037 3.967162 -23.48073 2.85661 36.50898 -1.571877
Car 0 1 -1.039319 153 208 241 246 1.494964 1.698646 4.507233 -20.82658 2.685379 35.89751 -1.565029
Car 0 1 -1.099751 210 205 287 242 1.5 1.558375 4.451755 -18.37657 2.51975 36.08718 -1.570753
