Car 0 0 2.026724 151 206 341 309 1.417371 1.540477 3.504343 -6.375787 1.831184 12.82159 1.565263
Car 0 0 -1.737909 695 180 806 258 1.512623 1.746308 3.775172 2.820482 1.381719 16.32449 -1.566822
Car 0 0 1.915134 309 201 427 267 1.360295 1.513462 4.017023 -6.236773 1.77654 18.39401 1.588233
Car 0 0 1.793893 421 185 494 238 1.73687 1.652467 4.107703 -5.875703 1.688081 26.69977 1.57728
Car 0 1 1.766713 463 186 518 225 1.609242 1.638188 3.998 -5.898785 1.631654 33.32995 1.591545
Car 0 1 1.703363 508 188 546 214 1.431419 1.697305 3.744055 -5.642093 1.525766 44.19485 1.576386
Car 0 0 -1.626496 653 179 676 197 1.546081 1.6639 4.146974 3.940411 0.9026767 65.69513 -1.566587
Car 0 1 -3.288564 708 176 766 197 1.473782 1.69797 4.648869 9.337717 0.7188867 58.52277 -3.130341
Car 0 2 -3.279667 707 171 759 196 1.909038 1.812069 4.330702 9.543137 0.6827301 61.61359 -3.126002
Car 0 0 -1.496664 561 183 582 200 1.632486 1.608983 3.812409 -4.736592 1.260028 70.08785 -1.564142
Car 0 0 1.650655 549 185 573 204 1.430527 1.566407 3.482533 -4.821752 1.359781 59.02896 1.569152
Car 0 2 -3.277312 700 175 747 194 1.630828 1.672862 4.318664 9.570936 0.627818 67.80166 -3.137078
Car 0 1 1.621404 570 183 588 198 1.530483 1.680223 3.862273 -4.635586 1.157549 81.37794 1.564502
Car 0 2 1.641973 575 184 591 196 1.420148 1.552787 3.85067 -4.471638 1.102346 86.88374 1.590551
Car 0 2 1.609413 579 183 592 195 1.427379 1.478135 3.709917 -4.424549 1.057965 91.75571 1.561229
Car 0 2 1.610209 581 183 595 195 1.400546 1.647438 4.024915 -4.407143 1.005235 97.74658 1.565152
Car 0 1 -3.252059 688 176 719 190 1.639204 1.585631 3.989951 10.60716 0.3582581 93.44833 -3.139034
Car 0 3 3.010212 690 176 712 190 1.719717 1.682953 2.781201 10.63868 0.3342772 96.04886 3.120526
Car 0 2 3.017471 684 176 709 190 1.674444 1.672834 3.425593 10.26281 0.3313498 98.36239 3.121432
Car 0 2 -0.3509564 831 168 878 187 1.736666 1.796667 4.374446 23.877 -0.07838202 74.05789 -0.03906888
Car 0 3 -0.2654546 822 170 869 186 1.55 1.85 4.65 23.95779 -0.1107742 77.36967 0.03483493
Car 0 3 -0.263606 792 172 828 185 1.532222 1.85 4.267781 24.15063 -0.2527894 92.73749 -0.008845227
Car 0 2 -0.2482358 787 171 823 185 1.665556 1.85 4.490002 24.22476 -0.2802353 95.51372 0.0001526269
Car 0 3 -0.2575876 785 172 823 185 1.532222 1.85 4.943336 24.8343 -0.3329344 98.38835 -0.01034114
Car 0 3 -0.2708364 783 172 820 185 1.567778 1.85 4.916665 25.14845 -0.369028 100.9003 -0.02657276
Car 0 2 3.034299 678 177 705 189 1.56902 1.615801 3.690002 9.83577 0.3260037 101.224 3.131163
Car 0 2 1.656562 585 183 599 193 1.426384 1.614783 4.125178 -4.177006 0.9290551 105.3242 1.616924
Car 0 1 -1.632541 649 180 663 191 1.471051 1.596091 3.865517 4.808764 0.5701649 99.48587 -1.584243
Car 0 2 -1.614076 648 179 661 191 1.571396 1.572021 4.042688 4.823332 0.5212317 105.0538 -1.568195
Car 0 2 1.62019 588 182 600 193 1.481957 1.499868 3.577903 -4.088711 0.8742386 111.1832 1.583432
Car 0 2 1.478926 646 180 659 190 1.455476 1.614714 3.60968 5.010571 0.4279658 114.8278 1.522534
Car 0 1 1.691168 590 182 603 192 1.484442 1.564952 4.090225 -3.967798 0.7888453 120.3977 1.658224
Car 0 2 -1.660818 644 180 657 189 1.462216 1.667148 3.889512 4.902149 0.3827982 120.6079 -1.620195
Car 0 2 1.616403 594 182 605 190 1.561269 1.630639 3.624328 -3.982889 0.659708 135.3732 1.58699
Car 0 2 -1.652584 642 180 653 189 1.508927 1.600727 3.541442 4.749958 0.3154216 129.1799 -1.61583
Car 0 2 -1.697323 642 180 653 188 1.531034 1.504644 3.336817 4.871487 0.2627662 134.6149 -1.661151
Car 0 2 1.59849 597 182 605 190 1.456842 1.426118 3.51561 -3.832071 0.6086882 140.4655 1.571216
Car 0 1 -0.3463165 844 163 903 188 2.059121 2.073281 4.939535 23.57081 -0.009342194 67.70369 -0.01129372
Car 0 2 -3.001815 570 181 590 190 1.945312 1.892187 4.609375 -9.274998 0.6421077 165.2231 -3.057893
Car 0.970835 1 0.7513166 1223 136 1241 196 2.29979 2.017562 4.728489 24.58748 0.3065122 25.92519 1.510238
Car 0.8623174 3 -0.8223124 0 213 42 266 1.5 1.558375 4.451755 -18.58693 2.323862 20.18262 -1.566575
