Car 0.9997656 3 2.462654 0 216 19 374 1.73687 1.652467 4.107703 -6.835924 2.044844 5.307545 1.552054
Car 0 0 2.098371 47 208 296 338 1.609242 1.638188 3.998 -7.026191 2.040031 11.93528 1.566308
Car 0 1 1.850751 346 203 438 258 1.431419 1.697305 3.744055 -7.043777 2.014703 22.80367 1.551161
Car 0 0 -1.63638 637 184 670 212 1.546081 1.6639 4.146974 1.986519 1.427184 44.54266 -1.591812
Car 0 0 2.928434 721 177 814 211 1.473782 1.69797 4.648869 7.559082 1.114239 37.51015 3.127291
Car 0 2 2.944554 718 170 799 209 1.909038 1.812069 4.330702 7.686338 1.099193 40.60536 3.131634
Car 0 2 -1.450827 502 191 535 217 1.632486 1.608983 3.812409 -6.792229 1.936945 48.71252 -1.589368
Car 0 2 1.717405 471 196 513 227 1.430527 1.566407 3.482533 -6.598399 1.952296 37.65457 1.543931
Car 0 2 2.96041 704 177 772 206 1.630828 1.672862 4.318664 7.558046 1.091779 46.79239 3.12055
Car 0 1 1.655029 523 191 549 211 1.530483 1.680223 3.862273 -6.976065 1.92044 60.00202 1.539285
Car 0 1 1.671027 532 192 555 209 1.420148 1.552787 3.85067 -6.951138 1.905599 65.51048 1.565315
Car 0 2 1.635525 538 191 557 207 1.427379 1.478135 3.709917 -7.026969 1.89827 70.38226 1.536015
Car 0 1 1.633422 543 191 562 205 1.400546 1.647438 4.024915 -7.160666 1.891655 76.3719 1.539935
Car 0 1 3.00936 680 179 720 198 1.639204 1.585631 3.989951 7.946384 1.006509 72.45834 3.118592
Car 0 3 2.989922 683 179 711 197 1.719717 1.682953 2.781201 7.9123 1.002218 75.05893 3.094949
Car 0 2 2.999486 674 180 707 197 1.674444 1.672834 3.425593 7.478477 1.022321 77.36221 3.095855
Car 0 2 -0.4504246 882 165 949 191 1.736666 1.796667 4.374446 21.69143 0.2387376 53.41226 -0.06465922
Car 0 2 -0.3558948 865 168 931 191 1.55 1.85 4.65 21.68861 0.2308664 56.72517 0.009300048
Car 0 1 -0.324159 813 172 861 190 1.532222 1.85 4.267781 21.49368 0.2051227 72.09359 -0.03441341
Car 0 2 -0.305017 805 171 853 190 1.665556 1.85 4.490002 21.49771 0.1981454 74.87094 -0.02540877
Car 0 3 -0.3120317 802 173 851 189 1.532222 1.85 4.943336 22.03412 0.1593688 77.76033 -0.03591052
Car 0 2 -0.3229239 798 173 846 189 1.567778 1.85 4.916665 22.2846 0.1384232 80.27963 -0.05215398
Car 0 2 3.018797 667 181 701 197 1.56902 1.615801 3.690002 6.97971 1.044944 80.21208 3.105594
Car 0 1 1.676296 550 190 568 204 1.426384 1.614783 4.125178 -7.121866 1.870963 83.95324 1.591667
Car 0 1 -1.634999 630 185 648 200 1.471051 1.596091 3.865517 2.001774 1.344265 78.34607 -1.609454
Car 0 2 -1.61577 629 184 645 199 1.571396 1.572021 4.042688 1.87591 1.338212 83.91279 -1.593418
Car 0 2 1.637992 555 189 570 202 1.481957 1.499868 3.577903 -7.181423 1.860274 89.81285 1.558201
Car 0 2 1.477962 627 185 643 197 1.455476 1.614714 3.60968 1.816448 1.318014 93.68887 1.497348
Car 0 1 1.706448 559 189 575 201 1.484442 1.564952 4.090225 -7.293028 1.844524 99.02789 1.632935
Car 0 2 -1.661087 624 185 640 197 1.462216 1.667148 3.889512 1.562368 1.319048 99.46453 -1.64538
Car 0 1 1.629074 565 188 578 199 1.561269 1.630639 3.624328 -7.68578 1.83146 113.9987 1.561756
Car 0 2 -1.652072 622 185 636 196 1.508927 1.600727 3.541442 1.194157 1.320071 108.0302 -1.641019
Car 0 3 -1.696693 622 185 635 195 1.531034 1.504644 3.336817 1.178486 1.307809 113.4668 -1.686307
Car 0 2 1.610254 569 189 579 198 1.456842 1.426118 3.51561 -7.663549 1.817783 119.0935 1.545994
Car 0 0 -0.46628 909 157 997 193 2.059121 2.073281 4.939535 21.54581 0.2627926 47.05202 -0.03686376
Car 0 2 -2.988169 540 187 563 198 1.945312 1.892187 4.609375 -13.72517 2.117039 143.7051 -3.083389
Car 0 0 1.743168 471 196 542 242 1.406945 1.755342 4.396943 -4.081029 1.829666 26.75323 1.591791
