Car 0.2665657 0 2.22252 0 217 212 374 1.417371 1.540477 3.504343 -6.459458 1.865716 8.407429 1.567407
Car 0 0 -1.791519 716 180 882 292 1.512623 1.746308 3.775172 2.74444 1.416814 11.8903 -1.564678
Car 0 0 2.014285 190 206 370 298 1.360295 1.513462 4.017023 -6.308496 1.806977 13.97949 1.590377
Car 0 0 1.839486 376 185 470 250 1.73687 1.652467 4.107703 -5.929618 1.712467 22.28439 1.579424
Car 0 1 1.796253 436 187 502 232 1.609242 1.638188 3.998 -5.938485 1.651103 28.91456 1.593689
Car 0 1 1.719831 495 188 538 217 1.431419 1.697305 3.744055 -5.6585 1.537225 39.7788 1.57853
Car 0 0 -1.629165 656 179 680 198 1.546081 1.6639 4.146974 3.970224 0.90145 61.25805 -1.564444
Car 0 1 -3.299425 715 175 778 198 1.473782 1.69797 4.648869 9.352221 0.7248511 54.07401 -3.128167
Car 0 2 -3.289604 714 170 770 197 1.909038 1.812069 4.330702 9.564274 0.6864673 57.16437 -3.123828
Car 0 2 -1.490588 557 182 580 201 1.632486 1.608983 3.812409 -4.697483 1.252548 65.66959 -1.561998
Car 0 1 1.65908 543 185 570 206 1.430527 1.566407 3.482533 -4.806351 1.360494 54.611 1.571295
Car 0 2 -3.285375 706 174 756 195 1.630828 1.672862 4.318664 9.605335 0.6269637 63.35231 -3.134903
Car 0 3 1.625987 568 183 587 198 1.530483 1.680223 3.862273 -4.572274 1.14171 76.95936 1.566645
Car 0 3 1.645959 573 183 590 197 1.420148 1.552787 3.85067 -4.396519 1.08247 82.46475 1.592695
Car 0 2 1.613013 577 183 592 196 1.427379 1.478135 3.709917 -4.338987 1.034482 87.33659 1.563372
Car 0 1 1.613431 580 183 595 195 1.400546 1.647438 4.024915 -4.308737 0.9773042 93.32736 1.567296
Car 0 1 -3.256477 692 175 724 190 1.639204 1.585631 3.989951 10.69655 0.3386928 88.99651 -3.13686
Car 0 3 3.006049 694 175 717 190 1.719717 1.682953 2.781201 10.73365 0.3127892 91.59692 3.1227
Car 0 2 3.013705 687 176 714 190 1.674444 1.672834 3.425593 10.36273 0.3080122 93.91125 3.123606
Car 0 3 -0.3680897 845 167 895 187 1.736666 1.796667 4.374446 23.925 -0.07896173 69.57738 -0.0368937
Car 0 2 -0.2812383 835 169 885 186 1.55 1.85 4.65 24.01289 -0.1137882 72.88895 0.03700851
Car 0 0 -0.2747021 801 171 839 185 1.532222 1.85 4.267781 24.23868 -0.267163 88.25621 -0.006670685
Car 0 2 -0.2587213 796 170 834 185 1.665556 1.85 4.490002 24.31875 -0.2966472 91.03226 0.00232696
Car 0 3 -0.2677048 793 171 834 185 1.532222 1.85 4.943336 24.93447 -0.3512739 93.90553 -0.008166553
Car 0 3 -0.2805683 791 171 830 184 1.567778 1.85 4.916665 25.25401 -0.389127 96.41682 -0.02439767
Car 0 2 3.030965 681 177 709 189 1.56902 1.615801 3.690002 9.941814 0.3003917 96.77374 3.133338
Car 0 1 1.659306 584 183 599 193 1.426384 1.614783 4.125178 -4.06234 0.8955694 100.9044 1.619069
Car 0 1 -1.633723 651 179 666 191 1.471051 1.596091 3.865517 4.911018 0.544114 95.04659 -1.582099
Car 0 2 -1.615086 650 179 663 191 1.571396 1.572021 4.042688 4.937527 0.4910461 100.6144 -1.566051
Car 0 2 1.622665 588 182 600 193 1.481957 1.499868 3.577903 -3.961487 0.8364271 106.7631 1.585576
Car 0 2 1.478096 648 179 661 189 1.455476 1.614714 3.60968 5.145714 0.3905777 110.388 1.524677
Car 0 1 1.693303 590 182 604 192 1.484442 1.564952 4.090225 -3.820822 0.7442247 115.9773 1.66037
Car 0 2 -1.661494 646 179 659 189 1.462216 1.667148 3.889512 5.049679 0.3410753 116.1682 -1.618053
Car 0 2 1.618173 594 181 605 190 1.561269 1.630639 3.624328 -3.80381 0.603948 130.9527 1.589134
Car 0 2 -1.653076 644 179 655 188 1.508927 1.600727 3.541442 4.915863 0.2672732 124.7404 -1.613688
Car 0 3 -1.697776 643 179 655 188 1.531034 1.504644 3.336817 5.049046 0.2106185 130.1751 -1.659009
Car 0 2 1.600124 597 182 606 190 1.456842 1.426118 3.51561 -3.642084 0.549194 136.0446 1.573359
Car 0 2 -0.36645 860 162 923 188 2.059121 2.073281 4.939535 23.60519 -0.005303144 63.2239 -0.009119097
Car 0 2 -2.999615 570 180 591 190 1.945312 1.892187 4.609375 -9.032003 0.5623324 160.8138 -3.05572
Car 0 0 1.650673 562 185 592 206 1.406945 1.755342 4.396943 -3.143042 1.299483 53.08125 1.59153
