Car 0.03061754 0 2.15841 0 214 257 359 1.417371 1.540477 3.504343 -6.423152 1.858164 9.579143 1.567734
Car 0 0 -1.774218 710 180 857 280 1.512623 1.746308 3.775172 2.781589 1.402854 13.05896 -1.564352
Car 0 0 1.983096 230 204 389 288 1.360295 1.513462 4.017023 -6.270374 1.799462 15.15116 1.590704
Car 0 0 1.825725 391 185 478 246 1.73687 1.652467 4.107703 -5.888794 1.704898 23.45593 1.579751
Car 0 1 1.787518 445 187 507 230 1.609242 1.638188 3.998 -5.895495 1.643711 30.08611 1.594015
Car 0 1 1.715052 499 188 541 216 1.431419 1.697305 3.744055 -5.611968 1.529915 40.95026 1.578857
Car 0 0 -1.628479 656 179 679 198 1.546081 1.6639 4.146974 4.023466 0.8878951 62.42632 -1.564117
Car 0 1 -3.296437 714 175 775 197 1.473782 1.69797 4.648869 9.402948 0.7073121 55.24049 -3.127834
Car 0 2 -3.286878 713 170 768 196 1.909038 1.812069 4.330702 9.615999 0.6688581 58.33078 -3.123495
Car 0 1 -1.492327 559 182 581 201 1.632486 1.608983 3.812409 -4.642516 1.245225 66.84074 -1.561672
Car 0 0 1.656659 546 185 571 205 1.430527 1.566407 3.482533 -4.754992 1.352963 55.78218 1.571622
Car 0 2 -3.283177 705 174 754 195 1.630828 1.672862 4.318664 9.659079 0.6094848 64.51871 -3.134571
Car 0 1 1.624678 569 183 588 198 1.530483 1.680223 3.862273 -4.513627 1.134589 78.13047 1.566972
Car 0 2 1.64482 575 183 591 197 1.420148 1.552787 3.85067 -4.336069 1.075366 83.63581 1.593022
Car 0 2 1.611985 578 183 593 196 1.427379 1.478135 3.709917 -4.276949 1.027463 88.50761 1.563699
Car 0 1 1.612511 581 183 595 195 1.400546 1.647438 4.024915 -4.244745 0.9704182 94.49839 1.567623
Car 0 1 -3.255291 691 175 723 190 1.639204 1.585631 3.989951 10.75864 0.3211031 90.16254 -3.136527
Car 0 3 3.007164 694 175 717 189 1.719717 1.682953 2.781201 10.79659 0.29524 92.76295 3.123032
Car 0 2 3.014712 687 176 714 189 1.674444 1.672834 3.425593 10.42645 0.2907846 95.07741 3.123938
Car 0 3 -0.3634019 842 167 891 186 1.736666 1.796667 4.374446 23.98032 -0.1063889 70.73902 -0.03656268
Car 0 3 -0.2769248 832 169 881 186 1.55 1.85 4.65 24.06929 -0.1411924 74.05057 0.0373419
Car 0 0 -0.2716894 799 171 837 185 1.532222 1.85 4.267781 24.30009 -0.2943312 89.41776 -0.006338663
Car 0 2 -0.2558768 794 170 831 185 1.665556 1.85 4.490002 24.38107 -0.3238007 92.19377 0.002659264
Car 0 3 -0.2649628 792 171 831 184 1.532222 1.85 4.943336 24.9977 -0.3787881 95.06685 -0.007834693
Car 0 3 -0.2779329 790 171 828 184 1.567778 1.85 4.916665 25.31805 -0.4168023 97.57803 -0.02406636
Car 0 2 3.031854 681 177 709 189 1.56902 1.615801 3.690002 10.00647 0.2835346 97.94003 3.13367
Car 0 1 1.65852 585 183 600 193 1.426384 1.614783 4.125178 -3.99588 0.8887043 102.0753 1.619394
Car 0 1 -1.633436 651 179 666 191 1.471051 1.596091 3.865517 4.975275 0.530764 96.21455 -1.581772
Car 0 2 -1.614845 650 179 663 190 1.571396 1.572021 4.042688 5.003601 0.4778204 101.7824 -1.565725
Car 0 2 1.621957 589 182 601 193 1.481957 1.499868 3.577903 -3.893126 0.8296415 107.9341 1.585903
Car 0 2 1.478291 648 179 661 189 1.455476 1.614714 3.60968 5.214977 0.3774564 111.5559 1.525005
Car 0 1 1.692689 591 182 604 192 1.484442 1.564952 4.090225 -3.749441 0.7375768 117.1482 1.660694
Car 0 2 -1.661339 646 179 659 189 1.462216 1.667148 3.889512 5.120834 0.3281705 117.3361 -1.617724
Car 0 2 1.617665 595 181 606 190 1.561269 1.630639 3.624328 -3.727537 0.5976732 132.1235 1.58946
Car 0 2 -1.652969 644 179 655 188 1.508927 1.600727 3.541442 4.98983 0.2546835 125.9084 -1.613359
Car 0 3 -1.697677 644 179 655 188 1.531034 1.504644 3.336817 5.124771 0.1980745 131.3431 -1.658679
Car 0 2 1.599655 598 182 606 190 1.456842 1.426118 3.51561 -3.564152 0.5429361 137.2155 1.573686
Car 0 1 -0.3609213 856 162 918 187 2.059121 2.073281 4.939535 23.65844 -0.03266799 64.38565 -0.008787146
Car 0 2 -3.000216 570 180 591 190 1.945312 1.892187 4.609375 -8.945797 0.5605161 161.9864 -3.055386
