Car 0.2834353 0 2.211376 0 212 230 374 1.530483 1.680223 3.862273 -6.240942 1.92028 8.166294 1.558829
Car 0 0 2.005012 192 206 374 304 1.420148 1.552787 3.85067 -6.108327 1.858828 13.67288 1.584866
Car 0 1 1.872801 323 199 430 267 1.427379 1.478135 3.709917 -6.088921 1.809915 18.54499 1.555558
Car 0 0 1.803367 396 195 476 245 1.400546 1.647438 4.024915 -6.105526 1.752025 24.53582 1.559479
Car 0 0 2.724763 860 159 1022 226 1.639204 1.585631 3.989951 8.925195 0.9557348 20.32082 3.138611
Car 0 2 2.74302 851 160 958 220 1.719717 1.682953 2.781201 8.941941 0.9292698 22.92145 3.114974
Car 0 1 2.789066 811 163 923 217 1.674444 1.672834 3.425593 8.553144 0.9282455 25.23285 3.11588
Car 0.8002003 0 -0.755446 1193 149 1241 194 1.532222 1.85 4.943336 23.11673 0.1155608 25.33952 -0.01588764
Car 0.3920483 1 -0.7312037 1151 148 1241 192 1.567778 1.85 4.916665 23.41646 0.0741787 27.85318 -0.03212751
Car 0 1 2.844562 779 168 883 214 1.56902 1.615801 3.690002 8.110082 0.9248678 28.092 3.125617
Car 0 1 1.793474 455 191 514 228 1.426384 1.614783 4.125178 -5.918507 1.667198 32.11451 1.611225
Car 0 0 -1.706961 677 179 738 224 1.471051 1.596091 3.865517 3.095614 1.221664 26.3261 -1.589912
Car 0 1 -1.6701 668 177 715 216 1.571396 1.572021 4.042688 3.078576 1.167951 31.89396 -1.573872
Car 0 1 1.73095 486 188 528 220 1.481957 1.499868 3.577903 -5.863517 1.606609 37.97387 1.57775
Car 0 2 1.439993 658 179 696 207 1.455476 1.614714 3.60968 3.210233 1.064649 41.6688 1.516883
Car 0 1 1.774697 512 186 550 212 1.484442 1.564952 4.090225 -5.79497 1.512321 47.18886 1.652505
Car 0 1 -1.690438 651 179 685 204 1.462216 1.667148 3.889512 3.06906 1.015778 47.44813 -1.625846
Car 0 1 1.675854 539 184 564 204 1.561269 1.630639 3.624328 -5.895054 1.370881 62.16386 1.581306
Car 0 2 -1.672641 645 179 671 200 1.508927 1.600727 3.541442 2.868299 0.9428209 56.01907 -1.621483
Car 0 2 -1.71489 643 179 668 198 1.531034 1.504644 3.336817 2.95891 0.8844072 61.45461 -1.66678
Car 0 2 1.651168 548 185 568 202 1.456842 1.426118 3.51561 -5.773222 1.31409 67.25693 1.56554
Car 0 2 -2.940581 512 181 550 199 1.945312 1.892187 4.609375 -11.35377 1.382341 91.98373 -3.063392
