Car 0.2541317 0 -2.033405 856 183 1241 374 1.413269 1.567278 3.158158 2.863744 1.426884 4.859256 -1.500862
Car 0.0227465 0 2.162586 0 215 277 374 1.527328 1.555003 3.576751 -6.064331 1.994013 9.346424 1.587027
Car 0 0 1.749172 454 195 506 232 1.417371 1.540477 3.504343 -6.105245 1.834903 32.02117 1.560771
Car 0 1 -1.657268 661 179 706 214 1.512623 1.746308 3.775172 3.064038 1.194262 35.56482 -1.571326
Car 0 1 1.741756 481 194 526 224 1.360295 1.513462 4.017023 -5.991472 1.787487 37.59423 1.583713
Car 0 0 1.695637 511 186 548 216 1.73687 1.652467 4.107703 -5.668214 1.706493 45.90161 1.572773
Car 0 1 1.6955 525 187 556 211 1.609242 1.638188 3.998 -5.721092 1.662716 52.53172 1.587021
Car 0 1 1.65863 545 188 569 206 1.431419 1.697305 3.744055 -5.513602 1.571227 63.3978 1.57188
Car 0 0 -1.617684 646 180 663 194 1.546081 1.6639 4.146974 3.960476 0.7816511 84.94062 -1.571092
Car 0 1 -3.254805 687 176 730 192 1.473782 1.69797 4.648869 9.383463 0.4687443 77.79214 -3.134763
Car 0 2 -3.248246 687 172 726 192 1.909038 1.812069 4.330702 9.574732 0.4338393 80.88388 -3.130418
Car 0 1 -1.515776 574 184 590 198 1.632486 1.608983 3.812409 -4.7257 1.333495 89.29491 -1.568649
Car 0 0 1.625434 567 186 585 201 1.430527 1.566407 3.482533 -4.761001 1.414806 78.23561 1.564655
Car 0 3 -3.25103 682 175 719 191 1.630828 1.672862 4.318664 9.574644 0.3896725 87.0721 -3.141508
Car 0 2 1.606461 580 184 594 196 1.530483 1.680223 3.862273 -4.675615 1.24954 100.5855 1.56001
Car 0 2 1.628763 583 185 596 195 1.420148 1.552787 3.85067 -4.536629 1.200906 106.092 1.586028
Car 0 2 1.597377 586 185 597 195 1.427379 1.478135 3.709917 -4.511528 1.164443 110.9642 1.556742
Car 0 2 1.599297 587 185 599 194 1.400546 1.647438 4.024915 -4.521093 1.12232 116.9552 1.56066
Car 0 2 3.046889 675 176 701 188 1.639204 1.585631 3.989951 10.49422 0.1448574 112.7235 3.139719
Car 0 3 3.025146 678 176 696 188 1.719717 1.682953 2.781201 10.514 0.1249659 115.3241 3.116064
Car 0 2 3.031085 672 177 694 188 1.674444 1.672834 3.425593 10.12818 0.1343553 117.636 3.116971
Car 0 2 3.046479 668 177 690 188 1.56902 1.615801 3.690002 9.688789 0.1434305 120.4957 3.126715
Car 0 2 1.647087 589 184 601 193 1.426384 1.614783 4.125178 -4.325325 1.055085 124.5339 1.612368
Car 0 1 -1.628084 643 180 655 190 1.471051 1.596091 3.865517 4.675735 0.4924192 118.7353 -1.588725
Car 0 2 -1.610211 643 180 653 190 1.571396 1.572021 4.042688 4.665249 0.4533787 124.3033 -1.572697
Car 0 2 1.611603 592 184 602 193 1.481957 1.499868 3.577903 -4.263502 1.00911 130.3933 1.578918
Car 0 2 1.482248 641 180 652 189 1.455476 1.614714 3.60968 4.808273 0.3740053 134.0782 1.518094
Car 0 2 1.683581 593 183 605 192 1.484442 1.564952 4.090225 -4.184191 0.93801 139.6084 1.653619
Car 0 2 -1.658041 640 181 651 189 1.462216 1.667148 3.889512 4.673965 0.3417623 139.8578 -1.624634
Car 0 2 1.610065 596 183 605 191 1.561269 1.630639 3.624328 -4.266651 0.8366461 154.5838 1.582471
Car 0 2 -1.650471 638 180 648 188 1.508927 1.600727 3.541442 4.483395 0.2933681 148.4292 -1.620274
Car 0 3 -1.695299 638 180 647 188 1.531034 1.504644 3.336817 4.58033 0.2480636 153.8647 -1.665539
Car 0 3 1.592631 598 183 606 190 1.456842 1.426118 3.51561 -4.138924 0.7917204 159.6769 1.566716
Car 0 3 -0.2800773 795 164 839 183 2.059121 2.073281 4.939535 23.55788 -0.5484779 87.03615 -0.01574322
Car 0 3 -3.009748 573 182 592 191 1.945312 1.892187 4.609375 -9.686596 0.9874699 184.4104 -3.062227
Car 0 2 1.005226 979 142 1057 182 2.29979 2.017562 4.728489 24.76127 -0.3310473 45.262 1.505813
Car 0 1 -0.994314 105 215 186 247 1.429688 1.8 3.960938 -25.88396 3.107414 39.70215 -1.572061
Car 0 2 -1.039395 155 213 227 244 1.399088 1.6037 3.967162 -23.43881 2.942999 39.74728 -1.572204
Car 0 1 -1.077164 195 208 271 242 1.494964 1.698646 4.507233 -20.78451 2.769226 39.13718 -1.565356
Car 0 1 -1.134839 246 205 314 239 1.5 1.558375 4.451755 -18.3346 2.603451 39.32813 -1.57108
