Car 0 0 1.996319 191 204 359 297 1.417371 1.540477 3.504343 -6.384992 1.808024 13.85253 1.564416
Car 0 0 -1.728028 691 180 793 252 1.512623 1.746308 3.775172 2.8084 1.357399 17.36282 -1.567669
Car 0 0 1.898709 326 199 436 261 1.360295 1.513462 4.017023 -6.250695 1.748327 19.42501 1.587387
Car 0 0 1.785951 429 184 498 235 1.73687 1.652467 4.107703 -5.896659 1.652369 27.73098 1.576433
Car 0 1 1.761463 467 186 520 223 1.609242 1.638188 3.998 -5.925355 1.589887 34.36109 1.590698
Car 0 1 1.70043 510 187 547 212 1.431419 1.697305 3.744055 -5.677865 1.474142 45.2261 1.575539
Car 0 0 -1.625608 652 179 674 196 1.546081 1.6639 4.146974 3.886524 0.8335546 66.73393 -1.567434
Car 0 1 -3.285863 706 176 763 196 1.473782 1.69797 4.648869 9.289957 0.6575036 59.56599 -3.131149
Car 0 2 -3.27717 705 171 756 195 1.909038 1.812069 4.330702 9.49276 0.6185721 62.65696 -3.12681
Car 0 1 -1.497679 561 182 582 199 1.632486 1.608983 3.812409 -4.794283 1.184978 71.11961 -1.564989
Car 0 0 1.649213 550 185 573 203 1.430527 1.566407 3.482533 -4.870077 1.294803 60.06075 1.568305
Car 0 2 -3.275229 698 175 744 194 1.630828 1.672862 4.318664 9.515316 0.5580195 68.84499 -3.137885
Car 0 1 1.620659 570 182 588 197 1.530483 1.680223 3.862273 -4.702839 1.072219 82.40968 1.563654
Car 0 2 1.64134 575 183 591 195 1.420148 1.552787 3.85067 -4.543556 1.012029 87.91557 1.589705
Car 0 2 1.608848 579 183 592 195 1.427379 1.478135 3.709917 -4.500591 0.9632121 92.78754 1.560382
Car 0 1 1.609712 581 183 595 194 1.400546 1.647438 4.024915 -4.488266 0.9050201 98.77837 1.564305
Car 0 1 -3.25082 686 176 717 189 1.639204 1.585631 3.989951 10.52983 0.2652872 94.49229 -3.139842
Car 0 3 3.011391 689 175 711 189 1.719717 1.682953 2.781201 10.55915 0.2389402 97.0928 3.119719
Car 0 2 3.018559 682 176 708 189 1.674444 1.672834 3.425593 10.18132 0.2338188 99.40601 3.120624
Car 0 2 -0.3469216 828 168 874 186 1.736666 1.796667 4.374446 23.81623 -0.1507237 75.11272 -0.03987588
Car 0 3 -0.261716 819 170 865 186 1.55 1.85 4.65 23.8942 -0.1861197 78.42455 0.03402656
Car 0 2 -0.2609025 789 171 825 185 1.532222 1.85 4.267781 24.07403 -0.3421147 93.79237 -0.009652698
Car 0 2 -0.2456692 784 171 820 184 1.665556 1.85 4.490002 24.14581 -0.3720777 96.56864 -0.0006550124
Car 0 3 -0.2551047 782 172 820 184 1.532222 1.85 4.943336 24.75292 -0.4272646 99.44374 -0.01114861
Car 0 3 -0.2684404 781 171 818 184 1.567778 1.85 4.916665 25.06494 -0.4655811 101.956 -0.02737999
Car 0 2 3.035287 677 177 703 189 1.56902 1.615801 3.690002 9.75185 0.2257671 102.2672 3.130356
Car 0 2 1.656153 585 182 599 193 1.426384 1.614783 4.125178 -4.264526 0.8219765 106.3561 1.616078
Car 0 1 -1.632071 648 179 662 190 1.471051 1.596091 3.865517 4.726265 0.470402 100.5251 -1.58509
Car 0 2 -1.613654 647 179 660 190 1.571396 1.572021 4.042688 4.736122 0.4163911 106.0929 -1.569042
Car 0 2 1.619829 588 182 599 192 1.481957 1.499868 3.577903 -4.181198 0.7618334 112.2151 1.582586
Car 0 2 1.479292 645 179 658 189 1.455476 1.614714 3.60968 4.915077 0.3142482 115.8671 1.521686
Car 0 1 1.690868 590 182 603 191 1.484442 1.564952 4.090225 -4.068098 0.668059 121.4297 1.657379
Car 0 2 -1.660495 643 179 656 188 1.462216 1.667148 3.889512 4.801746 0.2637829 121.647 -1.621043
Car 0 2 1.616161 594 181 604 190 1.561269 1.630639 3.624328 -4.095863 0.5252537 136.405 1.586143
Car 0 2 -1.652313 641 179 652 188 1.508927 1.600727 3.541442 4.642311 0.1885507 130.2188 -1.616678
Car 0 2 1.598273 596 181 605 189 1.456842 1.426118 3.51561 -3.949368 0.4696207 141.4974 1.570369
Car 0 1 -0.3416321 840 163 898 187 2.059121 2.073281 4.939535 23.51541 -0.07595336 68.75833 -0.01210108
Car 0 2 -3.002141 570 180 590 189 1.945312 1.892187 4.609375 -9.4133 0.4792453 166.2503 -3.058702
Car 0.8387272 0 0.7707788 1201 135 1241 195 2.29979 2.017562 4.728489 24.56747 0.2782475 26.98102 1.50939
Car 0.635199 2 -0.8472767 0 210 67 265 1.5 1.558375 4.451755 -18.60249 2.291284 21.20363 -1.567422
