Car 0.03410697 0 -1.94465 756 181 1145 374 1.512623 1.746308 3.775172 2.519536 1.471212 6.503499 -1.575042
Car 0.3046677 0 2.236951 0 220 219 374 1.360295 1.513462 4.017023 -6.554447 1.863238 8.498938 1.580014
Car 0 0 1.925687 270 187 412 275 1.73687 1.652467 4.107703 -6.261657 1.765498 16.80728 1.569061
Car 0 1 1.847485 376 188 464 246 1.609242 1.638188 3.998 -6.339232 1.701647 23.43698 1.583326
Car 0 1 1.746181 463 189 515 223 1.431419 1.697305 3.744055 -6.171849 1.583607 34.30349 1.568167
Car 0 0 -1.632609 650 178 676 200 1.546081 1.6639 4.146974 3.233646 0.9369482 55.88111 -1.574807
Car 0 0 -3.314897 715 175 786 200 1.473782 1.69797 4.648869 8.689734 0.7614734 48.75315 -3.13851
Car 0 1 -3.303611 714 169 776 198 1.909038 1.812069 4.330702 8.869743 0.7218668 51.84552 -3.134171
Car 0 2 -1.481599 542 182 567 203 1.632486 1.608983 3.812409 -5.479198 1.288924 60.20275 -1.572361
Car 0 1 1.671852 524 186 554 209 1.430527 1.566407 3.482533 -5.473459 1.401055 49.14366 1.560932
Car 0 2 2.986663 704 174 759 196 1.630828 1.672862 4.318664 8.84668 0.6600273 58.03353 3.137939
Car 0 3 1.632658 555 183 575 199 1.530483 1.680223 3.862273 -5.470988 1.173809 71.49316 1.556282
Car 0 2 1.651731 561 183 579 198 1.420148 1.552787 3.85067 -5.352304 1.11245 77.00008 1.582332
Car 0 2 1.618205 565 183 581 197 1.427379 1.478135 3.709917 -5.345257 1.062616 81.87221 1.553009
Car 0 1 1.618055 568 183 584 195 1.400546 1.647438 4.024915 -5.377096 1.003179 87.86295 1.556933
Car 0 1 3.020919 687 175 722 190 1.639204 1.585631 3.989951 9.672073 0.3618057 83.68755 3.135982
Car 0 3 3.000617 690 175 714 190 1.719717 1.682953 2.781201 9.682222 0.3349144 86.28821 3.112357
Car 0 2 3.008819 682 175 711 190 1.674444 1.672834 3.425593 9.287346 0.3293769 88.59857 3.113263
Car 0 1 -0.3916187 854 166 908 187 1.736666 1.796667 4.374446 23.10088 -0.05242443 64.40636 -0.04723755
Car 0 2 -0.3027942 842 168 896 187 1.55 1.85 4.65 23.15443 -0.08852029 67.71865 0.02666534
Car 0 1 -0.2895373 803 170 844 185 1.532222 1.85 4.267781 23.22096 -0.2477325 83.08736 -0.01701416
Car 0 3 -0.2726937 797 169 838 185 1.665556 1.85 4.490002 23.27227 -0.2782829 85.86408 -0.00801638
Car 0 3 -0.2811441 794 171 837 185 1.532222 1.85 4.943336 23.85816 -0.3341687 88.74356 -0.01851012
Car 0 3 -0.2934624 792 170 834 184 1.567778 1.85 4.916665 24.15166 -0.3730584 91.258 -0.03474143
Car 0 2 3.02667 676 176 706 190 1.56902 1.615801 3.690002 8.8368 0.3208044 91.45653 3.122994
Car 0 1 1.663231 573 182 589 194 1.426384 1.614783 4.125178 -5.209232 0.9185266 95.44209 1.608705
Car 0 1 -1.635081 644 179 660 192 1.471051 1.596091 3.865517 3.824232 0.5666469 89.67744 -1.592462
Car 0 2 -1.616217 643 178 657 191 1.571396 1.572021 4.042688 3.793039 0.5114799 95.24522 -1.576414
Car 0 2 1.626196 577 182 590 193 1.481957 1.499868 3.577903 -5.169104 0.8571543 101.3016 1.575213
Car 0 2 1.477196 641 179 655 190 1.455476 1.614714 3.60968 3.899933 0.4072798 105.0204 1.514314
Car 0 1 1.696336 580 182 594 192 1.484442 1.564952 4.090225 -5.123926 0.7614502 110.5167 1.650006
Car 0 2 -1.662193 638 179 652 189 1.462216 1.667148 3.889512 3.744007 0.3556349 110.7993 -1.628415
Car 0 2 1.620678 585 181 596 190 1.561269 1.630639 3.624328 -5.262112 0.6155441 125.4913 1.57877
Car 0 2 -1.653542 636 179 648 189 1.508927 1.600727 3.541442 3.52137 0.2786522 119.3696 -1.62405
Car 0 3 -1.698194 636 179 648 188 1.531034 1.504644 3.336817 3.598221 0.2199177 124.8054 -1.669371
Car 0 3 1.602438 588 181 597 190 1.456842 1.426118 3.51561 -5.153149 0.5588304 130.5847 1.562996
Car 0 1 -0.3944167 872 160 941 188 2.059121 2.073281 4.939535 22.84692 0.02371418 58.04993 -0.01946258
Car 0 2 -2.996634 559 180 581 190 1.945312 1.892187 4.609375 -10.7994 0.5642424 155.2967 -3.066063
Car 0 0 1.673391 541 185 579 211 1.406945 1.755342 4.396943 -3.60155 1.369535 43.87579 1.59149
