Car 0 0 2.109034 35 211 290 340 1.417371 1.540477 3.504343 -6.401276 1.847924 10.63307 1.567134
Car 0 0 -1.760828 705 180 838 272 1.512623 1.746308 3.775172 2.801386 1.393211 14.11845 -1.564952
Car 0 0 1.958303 260 203 403 280 1.360295 1.513462 4.017023 -6.251841 1.789776 16.20518 1.590104
Car 0 0 1.814418 402 185 484 243 1.73687 1.652467 4.107703 -5.875242 1.696042 24.51019 1.579151
Car 0 1 1.780224 451 187 511 228 1.609242 1.638188 3.998 -5.885919 1.635508 31.14036 1.593415
Car 0 1 1.711002 503 188 543 215 1.431419 1.697305 3.744055 -5.60891 1.522792 42.00469 1.578257
Car 0 0 -1.627853 655 179 678 198 1.546081 1.6639 4.146974 4.013647 0.883155 63.48659 -1.564717
Car 0 1 -3.29382 712 176 772 197 1.473782 1.69797 4.648869 9.397444 0.7020111 56.30401 -3.128439
Car 0 2 -3.284487 711 171 765 196 1.909038 1.812069 4.330702 9.608648 0.6638677 59.39442 -3.1241
Car 0 1 -1.493818 560 182 581 201 1.632486 1.608983 3.812409 -4.654986 1.240683 67.89578 -1.562271
Car 0 0 1.65459 547 185 572 205 1.430527 1.566407 3.482533 -4.760831 1.347327 56.83714 1.571022
Car 0 2 -3.281241 703 174 752 194 1.630828 1.672862 4.318664 9.64801 0.605106 65.58239 -3.135176
Car 0 1 1.623553 570 183 588 198 1.530483 1.680223 3.862273 -4.532867 1.131163 79.18559 1.566372
Car 0 2 1.643841 575 183 592 196 1.420148 1.552787 3.85067 -4.358616 1.072489 84.69105 1.592422
Car 0 2 1.611101 579 183 593 195 1.427379 1.478135 3.709917 -4.302422 1.025068 89.56288 1.5631
Car 0 1 1.61172 581 183 595 194 1.400546 1.647438 4.024915 -4.273811 0.9686148 95.55369 1.567023
Car 0 1 -3.254236 690 176 722 190 1.639204 1.585631 3.989951 10.7322 0.3192838 91.22691 -3.137132
Car 0 3 3.008157 693 175 715 189 1.719717 1.682953 2.781201 10.76858 0.2936785 93.82735 3.122427
Car 0 2 3.015609 686 176 712 189 1.674444 1.672834 3.425593 10.39705 0.2894411 96.14158 3.123333
Car 0 2 -0.359274 839 167 887 186 1.736666 1.796667 4.374446 23.96554 -0.109761 71.81137 -0.03716736
Car 0 3 -0.2731248 829 169 877 186 1.55 1.85 4.65 24.05252 -0.1442353 75.12297 0.03673715
Car 0 1 -0.2690242 797 171 834 185 1.532222 1.85 4.267781 24.2741 -0.2958517 90.49031 -0.00694346
Car 0 2 -0.2533593 792 170 829 185 1.665556 1.85 4.490002 24.35342 -0.3250455 93.26637 0.002054589
Car 0 3 -0.2625344 790 171 829 184 1.532222 1.85 4.943336 24.96833 -0.3797321 96.13983 -0.008439377
Car 0 2 -0.2755976 788 171 826 184 1.567778 1.85 4.916665 25.28717 -0.4174898 98.6512 -0.02467107
Car 0 2 3.032647 680 177 708 189 1.56902 1.615801 3.690002 9.975361 0.2824621 99.00395 3.133065
Car 0 1 1.657846 585 183 600 193 1.426384 1.614783 4.125178 -4.029491 0.8876551 103.1308 1.618794
Car 0 1 -1.633165 651 179 665 191 1.471051 1.596091 3.865517 4.945192 0.5293831 97.27542 -1.582372
Car 0 2 -1.614615 649 179 662 190 1.571396 1.572021 4.042688 4.970181 0.4769895 102.8433 -1.566324
Car 0 2 1.621348 589 182 600 192 1.481957 1.499868 3.577903 -3.930235 0.8291731 108.9896 1.585303
Car 0 2 1.478479 648 179 661 189 1.455476 1.614714 3.60968 5.175697 0.3775953 112.6169 1.524405
Car 0 1 1.692164 591 182 604 191 1.484442 1.564952 4.090225 -3.792097 0.7380213 118.2038 1.660094
Car 0 2 -1.661188 646 179 658 189 1.462216 1.667148 3.889512 5.078083 0.3288772 118.3971 -1.618324
Car 0 2 1.617229 595 181 605 190 1.561269 1.630639 3.624328 -3.779177 0.5995953 133.1792 1.58886
Car 0 2 -1.652862 643 179 655 188 1.508927 1.600727 3.541442 4.941925 0.2562318 126.9693 -1.613959
Car 0 2 1.599252 598 182 606 190 1.456842 1.426118 3.51561 -3.61883 0.545365 138.2712 1.573086
Car 0 1 -0.3560649 852 162 913 187 2.059121 2.073281 4.939535 23.64746 -0.03667545 65.45779 -0.009391953
Car 0 2 -3.000751 570 180 591 190 1.945312 1.892187 4.609375 -9.01535 0.5652407 163.0389 -3.05599
