Car 0 0 1.789512 416 196 483 241 1.417371 1.540477 3.504343 -6.176226 1.819757 26.59518 1.561326
Car 0 1 -1.669812 666 177 721 218 1.512623 1.746308 3.775172 2.994062 1.155733 30.13192 -1.570772
Car 0 1 1.770451 454 194 509 230 1.360295 1.513462 4.017023 -6.059376 1.757609 32.16802 1.584266
Car 0 0 1.713999 495 184 538 219 1.73687 1.652467 4.107703 -5.731546 1.65442 40.47499 1.573327
Car 0 1 1.709684 513 186 548 213 1.609242 1.638188 3.998 -5.780744 1.593407 47.10499 1.587574
Car 0 1 1.668176 537 186 564 207 1.431419 1.697305 3.744055 -5.567245 1.473218 57.97067 1.572435
Car 0 0 -1.619774 647 178 666 193 1.546081 1.6639 4.146974 3.917778 0.612779 79.50597 -1.570537
Car 0 1 -3.262345 691 174 738 191 1.473782 1.69797 4.648869 9.336235 0.3101879 72.3536 -3.134017
Car 0 2 -3.255313 691 170 733 191 1.909038 1.812069 4.330702 9.52919 0.2669132 75.44514 -3.129673
Car 0 1 -1.511339 571 182 588 197 1.632486 1.608983 3.812409 -4.765072 1.166633 83.86662 -1.568095
Car 0 0 1.63113 563 185 582 200 1.430527 1.566407 3.482533 -4.806504 1.276884 72.8076 1.565209
Car 0 3 -3.25701 686 173 725 190 1.630828 1.672862 4.318664 9.532545 0.2065837 81.63321 -3.140763
Car 0 1 1.610009 577 183 592 195 1.530483 1.680223 3.862273 -4.708735 1.053111 95.15692 1.560565
Car 0 2 1.631917 581 183 595 194 1.420148 1.552787 3.85067 -4.566715 0.9898815 100.6633 1.586581
Car 0 2 1.600279 583 183 595 194 1.427379 1.478135 3.709917 -4.538906 0.9406542 105.5353 1.557297
Car 0 1 1.601947 585 183 597 193 1.400546 1.647438 4.024915 -4.545164 0.8828992 111.5262 1.561215
Car 0 1 3.043214 678 174 705 187 1.639204 1.585631 3.989951 10.46624 -0.1066453 107.2833 3.140463
Car 0 3 3.021654 680 174 700 186 1.719717 1.682953 2.781201 10.48746 -0.1333601 109.8839 3.116807
Car 0 2 3.027908 675 174 697 186 1.674444 1.672834 3.425593 10.10297 -0.1294143 112.196 3.117714
Car 0 3 -0.2339034 768 168 799 180 1.532222 1.85 4.267781 23.9946 -1.029146 106.6224 -0.01254831
Car 0 3 -0.2200009 764 168 796 180 1.665556 1.85 4.490002 24.05767 -1.060442 109.3989 -0.003538472
Car 0 3 -0.230209 763 168 797 180 1.532222 1.85 4.943336 24.65507 -1.129403 112.2757 -0.01404603
Car 0 3 -0.2443997 762 168 795 180 1.567778 1.85 4.916665 24.9589 -1.174673 114.7888 -0.03029899
Car 0 2 3.043651 670 175 693 186 1.56902 1.615801 3.690002 9.665199 -0.1271317 115.056 3.127458
Car 0 2 1.649386 588 182 600 192 1.426384 1.614783 4.125178 -4.345201 0.7955674 119.1045 1.61292
Car 0 1 -1.629203 644 178 657 188 1.471051 1.596091 3.865517 4.651703 0.2341788 113.2994 -1.588169
Car 0 2 -1.611194 643 178 655 188 1.571396 1.572021 4.042688 4.644287 0.1806116 118.8673 -1.572143
Car 0 2 1.613709 591 182 601 191 1.481957 1.499868 3.577903 -4.28013 0.7341939 124.9637 1.579472
Car 0 2 1.481414 642 179 654 187 1.455476 1.614714 3.60968 4.792725 0.07548738 128.6419 1.518653
Car 0 1 1.685427 592 182 604 190 1.484442 1.564952 4.090225 -4.195734 0.6389024 134.1786 1.654168
Car 0 1 -1.65874 640 179 652 187 1.462216 1.667148 3.889512 4.661644 0.0283556 134.4214 -1.624074
Car 0 2 1.611644 595 181 605 189 1.561269 1.630639 3.624328 -4.269867 0.4985526 149.1538 1.583024
Car 0 2 -1.651006 638 178 649 187 1.508927 1.600727 3.541442 4.475838 -0.0421319 142.9927 -1.619715
Car 0 3 -1.695794 638 178 648 186 1.531034 1.504644 3.336817 4.575775 -0.1017826 148.4281 -1.664975
Car 0 2 1.5941 597 182 605 189 1.456842 1.426118 3.51561 -4.139339 0.4401274 154.2466 1.567271
Car 0 3 -3.007487 572 181 591 190 1.945312 1.892187 4.609375 -9.67271 0.5798244 178.9837 -3.061477
Car 0 2 0.9511875 1025 134 1119 180 2.29979 2.017562 4.728489 24.6944 -0.4283328 39.81273 1.506374
Car 0 1 -0.9237161 18 219 119 258 1.429688 1.8 3.960938 -25.9486 3.102679 34.29072 -1.571507
Car 0 1 -0.9713614 75 216 167 254 1.399088 1.6037 3.967162 -23.50368 2.934379 34.33403 -1.571649
Car 0 1 -1.011041 120 211 217 252 1.494964 1.698646 4.507233 -20.85001 2.75811 33.72196 -1.564802
Car 0 1 -1.073379 181 208 267 247 1.5 1.558375 4.451755 -18.40025 2.588062 33.91108 -1.570525
