Car 0.9721319 1 -2.606492 1027 189 1241 374 1.462216 1.667148 3.889512 3.26758 1.468749 2.205357 -1.62939
Car 0 0 1.905961 302 197 430 277 1.561269 1.630639 3.624328 -5.750261 1.847831 16.88762 1.577772
Car 0 0 -1.899694 741 180 934 305 1.508927 1.600727 3.541442 3.036482 1.428206 10.77574 -1.625027
Car 0 1 -1.859741 707 179 820 258 1.531034 1.504644 3.336817 3.107902 1.391149 16.21176 -1.670333
Car 0 1 1.813441 391 197 470 253 1.456842 1.426118 3.51561 -5.646409 1.811187 21.98128 1.562004
Car 0 1 -1.740469 700 184 771 237 1.393046 1.452511 3.435073 3.402932 1.341921 21.73558 -1.585169
Car 0 1 -3.351202 773 176 829 200 1.382211 1.434529 3.400866 11.5295 0.7671548 46.51795 -3.108247
Car 0 3 -3.344308 714 140 839 197 4.200121 3.014801 9.963866 12.74997 0.6234163 59.60152 -3.133564
Car 0 3 -0.3227167 861 170 942 201 1.462113 1.758562 3.665867 14.5584 0.6637242 37.69061 0.04588962
Car 0 3 2.792377 844 168 925 196 1.575508 1.789188 4.699617 16.79126 0.4948587 46.28384 3.140399
Car 0 3 0.9978261 440 191 485 212 1.516165 1.552475 3.912388 -12.23395 1.944362 56.14333 0.7832743
Car 0 2 1.125693 403 192 450 215 1.615665 1.839667 4.097933 -14.87929 2.085509 55.56783 0.864063
Car 0 1 -2.829396 405 185 482 219 1.945312 1.892187 4.609375 -11.31543 1.954573 46.68762 -3.067176
