Car 0.7874359 0 -2.413008 942 183 1241 374 1.462216 1.667148 3.889512 3.281323 1.459484 3.286321 -1.628371
Car 0 0 1.886906 324 196 442 271 1.561269 1.630639 3.624328 -5.721482 1.833049 17.97795 1.578791
Car 0 0 -1.876492 732 179 902 291 1.508927 1.600727 3.541442 3.058958 1.414909 11.85692 -1.624008
Car 0 1 -1.848706 703 179 807 252 1.531034 1.504644 3.336817 3.135912 1.375261 17.29284 -1.669313
Car 0 1 1.801651 404 196 478 249 1.456842 1.426118 3.51561 -5.612442 1.79397 23.07148 1.563023
Car 0 2 -1.733645 698 184 765 233 1.393046 1.452511 3.435073 3.436568 1.323362 22.81633 -1.58415
Car 0 1 -3.346056 770 176 825 199 1.382211 1.434529 3.400866 11.58831 0.7355202 47.59013 -3.107203
Car 0 3 -3.340789 714 140 836 197 4.200121 3.014801 9.963866 12.82209 0.5853733 60.67238 -3.13252
Car 0 3 -0.3134938 856 170 934 201 1.462113 1.758562 3.665867 14.60819 0.6357926 38.75965 0.04693424
Car 0 3 2.799565 840 168 919 196 1.575508 1.789188 4.699617 16.84979 0.4624875 47.35052 3.141443
Car 0 3 0.9937203 444 191 489 212 1.516165 1.552475 3.912388 -12.16513 1.911986 57.2403 0.7843087
Car 0 2 1.120743 408 191 454 214 1.615665 1.839667 4.097933 -14.81103 2.053833 56.66756 0.8650951
Car 0.07602072 3 -2.37881 0 214 62 239 1.496754 1.620751 4.107733 -40.18785 3.429305 48.88385 -3.066887
Car 0 1 -2.834783 411 185 486 218 1.945312 1.892187 4.609375 -11.25625 1.926539 47.78365 -3.066132
