Car 0.6010017 0 2.296436 0 209 188 374 1.481957 1.499868 3.577903 -5.646463 1.761969 6.462234 1.578306
Car 0 0 1.190918 772 180 993 309 1.455476 1.614714 3.60968 3.437181 1.369522 10.15177 1.517383
Car 0 0 1.994684 275 191 430 275 1.484442 1.564952 4.090225 -5.57279 1.618958 15.67656 1.653131
Car 0 1 -1.829548 715 178 839 256 1.462216 1.667148 3.889512 3.299061 1.286652 15.93078 -1.625347
Car 0 0 1.764619 456 182 513 223 1.561269 1.630639 3.624328 -5.664725 1.394388 30.65059 1.581865
Car 0 1 -1.74695 680 176 748 225 1.508927 1.600727 3.541442 3.102839 1.163435 24.50125 -1.620981
Car 0 2 -1.772693 672 175 726 215 1.531034 1.504644 3.336817 3.19652 1.077219 29.93637 -1.666319
Car 0 1 1.719855 486 183 528 216 1.456842 1.426118 3.51561 -5.53999 1.312236 35.74325 1.566085
Car 0 2 -1.679881 674 178 713 209 1.393046 1.452511 3.435073 3.51432 0.9813846 35.45831 -1.581093
Car 0 2 -3.296648 741 173 784 191 1.382211 1.434529 3.400866 11.74753 0.2998683 60.20274 -3.103936
Car 0 3 -3.305105 701 144 800 189 4.200121 3.014801 9.963866 13.02227 0.05358744 73.27961 -3.129234
Car 0 3 1.0759 449 181 487 199 1.615665 1.839667 4.097933 -14.6417 1.137284 69.36626 0.8678759
Car 0 3 -2.487553 120 194 178 214 1.496754 1.620751 4.107733 -40.05945 2.195465 61.66695 -3.063653
Car 0 1 -2.881173 458 176 516 202 1.945312 1.892187 4.609375 -11.11177 1.142025 60.47153 -3.062898
