Car 0.9508501 1 -2.476939 1012 174 1241 374 1.571396 1.572021 4.042688 3.264145 1.508537 2.566471 -1.57245
Car 0.01643294 0 2.159645 0 203 278 370 1.481957 1.499868 3.577903 -5.678097 1.731475 8.65789 1.579183
Car 0 0 1.248671 747 182 915 284 1.455476 1.614714 3.60968 3.409866 1.378849 12.34081 1.518253
Car 0 0 1.957468 321 190 451 262 1.484442 1.564952 4.090225 -5.596347 1.611084 17.87247 1.654013
Car 0 1 -1.80338 704 180 809 247 1.462216 1.667148 3.889512 3.276792 1.30954 18.12012 -1.624477
Car 0 0 1.753828 468 183 520 221 1.561269 1.630639 3.624328 -5.67518 1.422556 32.84708 1.582742
Car 0 1 -1.735294 676 178 737 223 1.508927 1.600727 3.541442 3.088048 1.206463 26.69102 -1.62011
Car 0 2 -1.764316 669 178 718 214 1.531034 1.504644 3.336817 3.186501 1.133761 32.12626 -1.665453
Car 0 1 1.71211 495 184 533 214 1.456842 1.426118 3.51561 -5.545972 1.353193 37.93982 1.56696
Car 0 3 -1.673159 671 180 707 209 1.393046 1.452511 3.435073 3.509176 1.052413 37.64815 -1.580218
Car 0 2 -3.289589 738 175 778 193 1.382211 1.434529 3.400866 11.76503 0.4589452 62.3873 -3.103197
Car 0 3 -3.299748 699 147 795 191 4.200121 3.014801 9.963866 13.05138 0.2487437 75.46367 -3.128493
Car 0 3 1.070146 454 182 491 199 1.615665 1.839667 4.097933 -14.61933 1.228946 71.57072 0.8686534
Car 0 1 -2.88692 464 178 520 202 1.945312 1.892187 4.609375 -11.09677 1.224086 62.67307 -3.062162
