Car 0.9502711 2 2.301071 1179 169 1241 318 1.56902 1.615801 3.690002 8.182591 1.31527 7.500735 3.129918
Car 0 0 2.082923 110 201 356 319 1.426384 1.614783 4.125178 -5.842507 1.717649 11.58334 1.61577
Car 0.1631956 0 -2.086796 838 187 1241 374 1.471051 1.596091 3.865517 3.154945 1.49226 5.756362 -1.585429
Car 0 0 -1.841741 747 178 927 300 1.571396 1.572021 4.042688 3.162961 1.435167 11.32421 -1.569372
Car 0 0 1.901271 317 193 433 265 1.481957 1.499868 3.577903 -5.761074 1.655259 17.44237 1.582261
Car 0 0 1.364382 697 182 780 238 1.455476 1.614714 3.60968 3.338774 1.329822 21.09834 1.521329
Car 0 0 1.865989 426 188 502 233 1.484442 1.564952 4.090225 -5.650959 1.557706 26.65693 1.657093
Car 0 1 -1.74076 677 181 742 225 1.462216 1.667148 3.889512 3.223478 1.274469 26.87819 -1.621401
Car 0 0 1.721503 501 184 540 213 1.561269 1.630639 3.624328 -5.683708 1.405869 41.63213 1.58582
Car 0 1 -1.703171 662 180 706 213 1.508927 1.600727 3.541442 3.061104 1.192106 35.44985 -1.617034
Car 0 2 -1.739912 659 179 696 208 1.531034 1.504644 3.336817 3.176291 1.132975 40.88493 -1.662379
Car 0 1 1.688028 519 185 549 209 1.456842 1.426118 3.51561 -5.538814 1.349295 46.72459 1.570037
Car 0 3 -1.652762 662 181 690 204 1.393046 1.452511 3.435073 3.515979 1.065859 46.40598 -1.57714
Car 0 2 -3.265304 724 178 759 193 1.382211 1.434529 3.400866 11.84849 0.5497345 71.12117 -3.100224
Car 0 3 -3.280746 692 152 778 191 4.200121 3.014801 9.963866 13.17516 0.3742763 84.19401 -3.125519
Car 0 3 1.050248 473 183 507 198 1.615665 1.839667 4.097933 -14.50921 1.289709 80.38327 0.8716699
Car 0 1 0.7744992 36 197 89 216 1.581004 1.67633 3.758134 -50.21929 2.574997 65.2339 0.1184245
Car 0.2456058 1 0.7794521 0 198 38 217 1.611007 1.743869 4.063929 -55.44532 2.734822 65.78636 0.07914774
Car 0 2 -2.906298 484 179 533 200 1.945312 1.892187 4.609375 -11.01384 1.26998 71.47495 -3.059189
Car 0 0 -2.370971 554 182 600 199 1.5 1.70867 4.351549 -3.99067 1.106291 65.72718 -2.431612
