Car 0.617202 0 -2.318594 864 175 1241 374 1.531034 1.504644 3.336817 2.827052 1.469835 3.917102 -1.693439
Car 0.006793439 0 2.107577 0 205 272 356 1.456842 1.426118 3.51561 -6.061561 1.76877 9.485301 1.538939
Car 0 0 -1.915262 761 184 972 320 1.393046 1.452511 3.435073 2.994767 1.378206 9.445709 -1.608236
Car 0 1 -3.428596 805 171 883 203 1.382211 1.434529 3.400866 10.55112 0.6708705 34.40444 -3.131022
Car 0 2 -0.4700145 949 162 1076 209 1.462113 1.758562 3.665867 13.78399 0.6648695 25.64913 0.02310798
Car 0 1 2.685406 900 161 1013 199 1.575508 1.789188 4.699617 15.81905 0.4450773 34.29021 3.117641
Car 0 2 1.05983 368 187 425 214 1.516165 1.552475 3.912388 -13.43773 1.568409 43.48548 0.7601215
Car 0 3 1.199689 320 187 378 217 1.615665 1.839667 4.097933 -16.07018 1.691813 42.84995 0.8408887
Car 0 0 -2.743335 302 179 412 225 1.945312 1.892187 4.609375 -12.30105 1.66327 34.05396 -3.089973
Car 0 3 -2.583092 143 199 242 232 1.337052 1.655838 3.804953 -20.01793 1.9973 34.00702 -3.115118
