Car 0.9618121 0 0.6081192 1037 184 1241 374 1.455476 1.614714 3.60968 3.468292 1.456048 2.705638 1.516423
Car 0.1404313 0 2.245462 0 200 291 374 1.484442 1.564952 4.090225 -5.545486 1.721947 8.223448 1.652159
Car 0 0 -1.999778 784 176 1085 342 1.462216 1.667148 3.889512 3.324617 1.350266 8.484143 -1.626307
Car 0 0 1.819895 399 182 481 237 1.561269 1.630639 3.624328 -5.651863 1.436859 23.19636 1.580898
Car 0 0 -1.802898 704 173 810 246 1.508927 1.600727 3.541442 3.12015 1.193031 17.05386 -1.621941
Car 0 1 -1.808991 688 172 764 226 1.531034 1.504644 3.336817 3.208569 1.0843 22.48867 -1.667273
Car 0 1 1.758239 449 183 505 224 1.456842 1.426118 3.51561 -5.532063 1.333452 28.28875 1.565119
Car 0 2 -1.707104 687 175 739 215 1.393046 1.452511 3.435073 3.520986 0.9646291 28.01045 -1.582057
Car 0 1 -3.323418 758 169 807 190 1.382211 1.434529 3.400866 11.72891 0.1468694 52.75916 -3.104665
Car 0 3 -3.324782 709 136 820 187 4.200121 3.014801 9.963866 12.99081 -0.1581178 65.83604 -3.129965
Car 0 3 1.099668 428 180 470 200 1.615665 1.839667 4.097933 -14.6647 1.061055 61.90272 0.867057
Car 0 1 -2.856731 434 174 501 203 1.945312 1.892187 4.609375 -11.12679 1.086725 53.0112 -3.063623
