Car 0.9986452 3 0.3745887 1181 196 1241 374 1.455476 1.614714 3.60968 3.473884 1.470021 1.590774 1.515961
Car 0.4081315 0 2.314101 0 206 250 374 1.484442 1.564952 4.090225 -5.541463 1.765596 7.104507 1.651679
Car 0 0 -2.050899 804 176 1177 374 1.462216 1.667148 3.889512 3.327516 1.370763 7.369327 -1.626768
Car 0 0 1.831172 387 183 475 242 1.561269 1.630639 3.624328 -5.654849 1.496713 22.07766 1.580428
Car 0 0 -1.815646 710 173 825 252 1.508927 1.600727 3.541442 3.119056 1.223182 15.93912 -1.622403
Car 0 1 -1.816564 691 172 772 230 1.531034 1.504644 3.336817 3.204916 1.119998 21.37408 -1.667729
Car 0 1 1.765704 441 184 500 228 1.456842 1.426118 3.51561 -5.53745 1.398404 27.17021 1.564651
Car 0 2 -1.712465 689 176 744 217 1.393046 1.452511 3.435073 3.514709 1.005373 26.89611 -1.582524
Car 0 1 -3.328079 760 169 810 190 1.382211 1.434529 3.400866 11.7101 0.1922532 51.64912 -3.105124
Car 0 3 -3.328125 710 136 824 188 4.200121 3.014801 9.963866 12.96573 -0.1021602 64.72684 -3.130427
Car 0 3 -3.458598 825 163 897 188 1.575508 1.789188 4.699617 16.97326 -0.03459632 51.39851 -3.139644
Car 0 3 1.103716 424 181 467 201 1.615665 1.839667 4.097933 -14.6848 1.185877 60.78061 0.8666555
Car 0 1 -2.852547 430 175 498 205 1.945312 1.892187 4.609375 -11.14313 1.192747 51.89056 -3.064077
