Car 0.9434375 0 2.479569 0 222 141 374 1.484442 1.564952 4.090225 -5.557845 1.860452 5.094832 1.650734
Car 0.2247903 0 -2.179936 852 180 1241 374 1.462216 1.667148 3.889512 3.309012 1.426796 5.369795 -1.627671
Car 0 0 1.855542 360 190 460 255 1.561269 1.630639 3.624328 -5.684971 1.686289 20.06928 1.579506
Car 0 0 -1.841627 719 177 857 269 1.508927 1.600727 3.541442 3.092718 1.334083 13.94016 -1.623307
Car 0 1 -1.83097 697 176 787 240 1.531034 1.504644 3.336817 3.173563 1.264701 19.37573 -1.668621
Car 0 1 1.781669 424 190 490 238 1.456842 1.426118 3.51561 -5.572278 1.619484 25.16244 1.563734
Car 0 2 -1.722237 693 180 753 225 1.393046 1.452511 3.435073 3.478216 1.183403 24.89865 -1.58344
Car 0 1 -3.33665 765 173 817 195 1.382211 1.434529 3.400866 11.64912 0.4886018 49.66335 -3.106254
Car 0 3 -3.334222 712 138 829 193 4.200121 3.014801 9.963866 12.89246 0.2707337 62.74375 -3.131565
Car 0 3 -3.4705 832 166 907 192 1.575508 1.789188 4.699617 16.91139 0.2361482 49.41873 -3.140785
Car 0 3 1.111689 417 186 461 208 1.615665 1.839667 4.097933 -14.7486 1.660174 58.76559 0.8657945
Car 0 1 -2.844322 421 180 493 212 1.945312 1.892187 4.609375 -11.1995 1.594944 49.87874 -3.065193
