Car 0.6539195 0 2.319117 0 226 176 374 1.420148 1.552787 3.85067 -6.101206 1.923064 6.785123 1.586742
Car 0 1 2.037688 116 210 333 328 1.427379 1.478135 3.709917 -6.072658 1.878265 11.65723 1.557433
Car 0 0 1.893032 299 201 427 273 1.400546 1.647438 4.024915 -6.078025 1.825374 17.64812 1.561354
Car 0 0 2.55197 977 149 1241 253 1.639204 1.585631 3.989951 8.946019 1.04843 13.40582 3.140427
Car 0 1 2.60611 946 152 1113 239 1.719717 1.682953 2.781201 8.967648 1.024171 16.00643 3.116791
Car 0 1 2.679525 881 158 1044 233 1.674444 1.672834 3.425593 8.583153 1.024493 18.31855 3.117698
Car 0 1 2.760267 829 165 973 227 1.56902 1.615801 3.690002 8.145419 1.022838 21.17852 3.127434
Car 0 0 1.841982 407 194 488 243 1.426384 1.614783 4.125178 -5.876776 1.747187 25.22652 1.613104
Car 0 0 -1.747684 696 180 785 243 1.471051 1.596091 3.865517 3.127226 1.31052 19.42171 -1.588037
Car 0 1 -1.69623 681 177 745 228 1.571396 1.572021 4.042688 3.12063 1.26145 24.98963 -1.571997
Car 0 1 1.764421 456 191 510 230 1.481957 1.499868 3.577903 -5.81079 1.691595 31.08581 1.579626
Car 0 1 1.42495 666 180 713 213 1.455476 1.614714 3.60968 3.270636 1.166544 34.7643 1.518755
Car 0 0 1.795498 493 188 539 218 1.484442 1.564952 4.090225 -5.724953 1.605137 40.30074 1.654387
Car 0 1 -1.701274 657 180 698 209 1.462216 1.667148 3.889512 3.140292 1.122304 40.54392 -1.623974
Car 0 1 1.687673 530 185 558 207 1.561269 1.630639 3.624328 -5.796947 1.476102 55.27601 1.583182
Car 0 1 -1.679716 649 180 680 204 1.508927 1.600727 3.541442 2.955594 1.056229 49.11527 -1.619611
Car 0 2 -1.720882 648 179 675 201 1.531034 1.504644 3.336817 3.056408 1.002511 54.55069 -1.664912
Car 0 1 1.66099 541 186 563 205 1.456842 1.426118 3.51561 -5.665557 1.423766 60.3689 1.567415
Car 0 3 -1.635985 651 181 672 199 1.393046 1.452511 3.435073 3.381289 0.935876 60.07265 -1.579757
Car 0 3 1.024871 493 186 522 200 1.615665 1.839667 4.097933 -14.71553 1.615853 94.00577 0.8695928
Car 0 2 -2.627303 264 199 303 213 1.496754 1.620751 4.107733 -40.1236 3.061552 86.33757 -3.062338
Car 0 3 0.6848346 136 205 178 222 1.581004 1.67633 3.758134 -50.35121 3.68329 78.76803 0.1160649
Car 0 2 -2.930732 505 182 545 201 1.945312 1.892187 4.609375 -11.20017 1.504256 85.10597 -3.061583
