Car 0.7822883 0 2.34056 0 222 152 374 1.400546 1.647438 4.024915 -6.063177 1.806043 6.174306 1.564243
Car 0.4711581 0 2.427627 1063 168 1241 299 1.56902 1.615801 3.690002 8.183407 1.303315 9.666616 3.130123
Car 0 0 2.017608 204 200 393 296 1.426384 1.614783 4.125178 -5.839787 1.740334 13.7522 1.616039
Car 0 0 -1.964168 789 187 1096 368 1.471051 1.596091 3.865517 3.15557 1.484662 7.923238 -1.585155
Car 0 1 -1.799538 730 180 870 279 1.571396 1.572021 4.042688 3.165101 1.441546 13.49121 -1.5691
Car 0 1 1.868054 354 193 452 256 1.481957 1.499868 3.577903 -5.756766 1.692525 19.61135 1.582532
Car 0 1 1.378869 690 183 764 234 1.455476 1.614714 3.60968 3.343563 1.360455 23.26553 1.521604
Car 0 0 1.850711 442 189 511 231 1.484442 1.564952 4.090225 -5.64415 1.617934 28.82609 1.657357
Car 0 1 -1.73187 673 183 732 223 1.462216 1.667148 3.889512 3.229848 1.319826 29.04552 -1.621125
Car 0 0 1.714885 507 185 544 213 1.561269 1.630639 3.624328 -5.672821 1.503784 43.80162 1.586091
Car 0 1 -1.698184 660 182 701 213 1.508927 1.600727 3.541442 3.069817 1.259284 37.61741 -1.616758
Car 0 2 -1.735979 657 181 693 208 1.531034 1.504644 3.336817 3.186472 1.21361 43.05258 -1.662101
Car 0 1 1.682863 524 186 552 209 1.456842 1.426118 3.51561 -5.526552 1.459754 48.89418 1.57031
Car 0 3 -1.649365 660 183 687 205 1.393046 1.452511 3.435073 3.527646 1.159776 48.5737 -1.576868
Car 0 2 -3.260537 721 179 755 194 1.382211 1.434529 3.400866 11.86641 0.6912706 73.28772 -3.100015
Car 0 3 1.04567 477 185 510 200 1.615665 1.839667 4.097933 -14.48728 1.500338 82.55547 0.8719535
Car 0 0 0.7587115 55 199 106 218 1.581004 1.67633 3.758134 -50.19946 2.809637 67.41312 0.1186404
Car 0 2 0.7634656 1 201 57 219 1.611007 1.743869 4.063929 -55.42505 2.979935 67.96664 0.07936019
Car 0 2 -2.910783 489 181 536 202 1.945312 1.892187 4.609375 -10.99452 1.452148 73.64621 -3.058977
Car 0 0 -2.245867 567 183 610 200 1.5 1.70867 4.351549 -3.065176 1.234178 67.54495 -2.291215
