Car 0.02232659 0 2.172495 0 206 305 359 1.426384 1.614783 4.125178 -5.82349 1.735206 9.338921 1.614923
Car 0.7530048 0 -2.320919 933 194 1241 374 1.471051 1.596091 3.865517 3.179927 1.53268 3.520326 -1.586281
Car 0 0 -1.907125 775 180 1024 340 1.571396 1.572021 4.042688 3.183204 1.48616 9.088274 -1.570223
Car 0 0 1.942932 268 195 408 279 1.481957 1.499868 3.577903 -5.747036 1.684217 15.19813 1.581411
Car 0 0 1.344669 706 184 801 247 1.455476 1.614714 3.60968 3.350717 1.399986 18.86274 1.520472
Car 0 0 1.883475 407 189 492 239 1.484442 1.564952 4.090225 -5.644754 1.604528 24.41295 1.656249
Car 0 1 -1.752608 682 183 754 231 1.462216 1.667148 3.889512 3.230487 1.355143 24.64258 -1.622257
Car 0 0 1.728443 494 185 536 216 1.561269 1.630639 3.624328 -5.690257 1.480925 39.38837 1.58497
Car 0 1 -1.709784 665 182 712 217 1.508927 1.600727 3.541442 3.060799 1.288401 33.21423 -1.61789
Car 0 2 -1.745111 661 181 701 211 1.531034 1.504644 3.336817 3.17137 1.239996 38.64951 -1.66324
Car 0 1 1.693309 514 186 545 211 1.456842 1.426118 3.51561 -5.549679 1.434541 44.48106 1.569186
Car 0 3 -1.657209 664 183 694 207 1.393046 1.452511 3.435073 3.506396 1.184614 44.17098 -1.577992
Car 0 2 -3.271066 727 180 764 195 1.382211 1.434529 3.400866 11.81879 0.7466823 68.89444 -3.10117
Car 0 3 1.054846 469 184 503 200 1.615665 1.839667 4.097933 -14.54974 1.404896 78.13187 0.8707343
Car 0 2 0.7911663 14 197 69 217 1.581004 1.67633 3.758134 -50.2509 2.526965 62.94857 0.117472
Car 0.8124015 3 0.7963042 0 198 17 217 1.611007 1.743869 4.063929 -55.47798 2.668147 63.49611 0.07819816
Car 0 2 -2.901905 480 180 530 202 1.945312 1.892187 4.609375 -11.04638 1.381467 69.22668 -3.060139
Car 0 0 -2.551214 538 183 588 201 1.5 1.70867 4.351549 -5.069872 1.260339 63.76807 -2.630552
