Car 0 0 2.029487 138 198 353 317 1.561269 1.630639 3.624328 -5.886227 1.788834 11.91459 1.570623
Car 0.1151339 0 -2.097964 811 182 1241 374 1.508927 1.600727 3.541442 2.948197 1.474764 5.865436 -1.632207
Car 0 1 -1.935407 733 179 910 296 1.531034 1.504644 3.336817 2.980762 1.423801 11.30171 -1.677535
Car 0 1 1.88447 309 197 423 271 1.456842 1.426118 3.51561 -5.818764 1.739534 17.00875 1.554846
Car 0 1 -1.782339 715 185 813 254 1.393046 1.452511 3.435073 3.236414 1.362698 16.82738 -1.592329
Car 0 1 -3.377724 784 176 847 202 1.382211 1.434529 3.400866 11.18937 0.8036413 41.66636 -3.115367
Car 0 3 -3.36192 717 137 853 198 4.200121 3.014801 9.963866 12.3168 0.6370656 54.75801 -3.140671
Car 0 3 -0.3712461 890 170 984 205 1.462113 1.758562 3.665867 14.28278 0.7546846 32.86094 0.03876386
Car 0 2 2.755552 864 168 955 199 1.575508 1.789188 4.699617 16.45518 0.5853341 41.46965 3.133297
Car 0 3 1.018538 417 189 466 212 1.516165 1.552475 3.912388 -12.65364 1.71396 51.12244 0.7758984
Car 0 2 1.150639 376 189 427 214 1.615665 1.839667 4.097933 -15.29606 1.829831 50.52816 0.8566859
Car 0 3 2.942348 6 205 87 230 1.488714 1.52631 4.377771 -39.67724 2.852054 50.18497 2.273353
Car 0 1 -2.801342 373 182 460 220 1.945312 1.892187 4.609375 -11.66707 1.758935 41.67368 -3.074316
