Car 0.9988703 2 2.498611 0 222 31 374 1.481957 1.499868 3.577903 -5.627803 1.800171 4.282376 1.578275
Car 0 0 1.108363 808 180 1123 355 1.455476 1.614714 3.60968 3.455154 1.389204 7.97159 1.517355
Car 0 0 2.043514 211 193 404 293 1.484442 1.564952 4.090225 -5.554415 1.648748 13.49657 1.653097
Car 0 0 -1.862071 729 178 880 270 1.462216 1.667148 3.889512 3.316868 1.301367 13.75053 -1.625375
Car 0 0 1.777632 443 182 506 226 1.561269 1.630639 3.624328 -5.646803 1.410863 28.4704 1.581834
Car 0 1 -1.759906 686 175 762 230 1.508927 1.600727 3.541442 3.120397 1.170769 22.32088 -1.621009
Car 0 2 -1.781622 676 175 735 218 1.531034 1.504644 3.336817 3.213904 1.079508 27.75592 -1.666344
Car 0 1 1.729126 478 183 522 218 1.456842 1.426118 3.51561 -5.522227 1.323922 33.56298 1.566054
Car 0 2 -1.686849 677 177 719 210 1.393046 1.452511 3.435073 3.53152 0.9781747 33.27778 -1.581123
Car 0 2 -3.303936 746 172 790 191 1.382211 1.434529 3.400866 11.76345 0.2606235 58.02162 -3.103905
Car 0 3 -3.310565 703 142 806 189 4.200121 3.014801 9.963866 13.03771 0.000447154 71.09827 -3.129204
Car 0 3 1.082223 443 181 483 199 1.615665 1.839667 4.097933 -14.62439 1.133959 67.18578 0.8678949
Car 0 1 -2.874786 452 176 512 202 1.945312 1.892187 4.609375 -11.09442 1.140793 58.29108 -3.062865
