Car 0.4502974 0 0.8879805 903 180 1241 374 1.455476 1.614714 3.60968 3.464776 1.427008 4.760411 1.517142
Car 0 0 2.147402 55 197 347 338 1.484442 1.564952 4.090225 -5.545335 1.694306 10.28414 1.652878
Car 0 0 -1.931215 757 177 976 303 1.462216 1.667148 3.889512 3.325255 1.330409 10.53918 -1.625587
Car 0 0 1.801349 419 182 492 233 1.561269 1.630639 3.624328 -5.64094 1.433235 25.25756 1.581618
Car 0 0 -1.783419 696 174 788 238 1.508927 1.600727 3.541442 3.12695 1.186801 19.10928 -1.621221
Car 0 1 -1.796973 683 173 751 223 1.531034 1.504644 3.336817 3.219283 1.086893 24.54419 -1.666554
Car 0 1 1.74567 462 183 513 222 1.456842 1.426118 3.51561 -5.51747 1.338125 30.35002 1.565839
Car 0 2 -1.698398 683 176 731 213 1.393046 1.452511 3.435073 3.535685 0.9763708 30.06594 -1.581337
Car 0 1 -3.31541 753 170 800 190 1.382211 1.434529 3.400866 11.7617 0.2052687 54.81014 -3.104026
Car 0 3 1.092516 435 180 476 200 1.615665 1.839667 4.097933 -14.62622 1.11226 63.97082 0.8677406
Car 0 1 -2.864206 442 175 506 203 1.945312 1.892187 4.609375 -11.09459 1.126553 55.07679 -3.062985
