Car 0.9976666 1 2.598662 0 235 47 374 1.484442 1.564952 4.090225 -5.570215 1.90766 3.996479 1.650222
Car 0.5557748 0 -2.28457 892 181 1241 374 1.462216 1.667148 3.889512 3.294946 1.443941 4.277045 -1.628153
Car 0 0 1.87111 342 193 451 264 1.561269 1.630639 3.624328 -5.704716 1.785457 18.97138 1.57901
Car 0 0 -1.858675 725 178 879 280 1.508927 1.600727 3.541442 3.074456 1.381469 12.84758 -1.62379
Car 0 1 -1.839846 700 178 797 246 1.531034 1.504644 3.336817 3.152603 1.330503 18.28339 -1.669096
Car 0 1 1.791663 414 194 484 244 1.456842 1.426118 3.51561 -5.594561 1.735779 24.06479 1.563241
Car 0 2 -1.728031 696 182 759 230 1.393046 1.452511 3.435073 3.454472 1.267141 23.8067 -1.583931
Car 0 1 -3.341509 767 174 821 197 1.382211 1.434529 3.400866 11.6117 0.6289616 48.57744 -3.106877
Car 0 3 -3.337631 712 140 832 195 4.200121 3.014801 9.963866 12.84837 0.4517455 61.65909 -3.132194
Car 0 3 -0.3054291 850 169 926 199 1.462113 1.758562 3.665867 14.62967 0.5481175 39.74612 0.04725926
Car 0 3 -3.477271 836 167 913 194 1.575508 1.789188 4.699617 16.87317 0.3572637 48.33613 -3.141416
Car 0 3 0.990088 448 189 491 210 1.516165 1.552475 3.912388 -12.13982 1.781543 58.23521 0.7845695
Car 0 3 1.116356 412 190 457 212 1.615665 1.839667 4.097933 -14.78586 1.924164 57.66335 0.8653474
Car 0 1 -2.839468 416 183 489 216 1.945312 1.892187 4.609375 -11.233 1.815949 48.77842 -3.065808
