Car 0 0 2.06712 80 200 328 334 1.561269 1.630639 3.624328 -5.916949 1.811299 10.86444 1.56842
Car 0.3274492 0 -2.179361 839 184 1241 374 1.508927 1.600727 3.541442 2.931068 1.494525 4.835324 -1.634411
Car 0 0 -1.959558 741 180 942 312 1.531034 1.504644 3.336817 2.95166 1.452329 10.27174 -1.67974
Car 0 0 1.904593 285 199 409 278 1.456842 1.426118 3.51561 -5.860705 1.770244 15.95881 1.552643
Car 0 1 -1.79409 719 186 824 260 1.393046 1.452511 3.435073 3.195149 1.400313 15.79804 -1.594532
Car 0 1 -3.384028 787 177 851 204 1.382211 1.434529 3.400866 11.09364 0.8875161 40.6554 -3.117643
Car 0 3 2.917179 717 137 855 200 4.200121 3.014801 9.963866 12.19226 0.7428864 53.74976 3.140238
Car 0 3 -0.3829916 896 171 994 208 1.462113 1.758562 3.665867 14.20653 0.8268601 31.85693 0.03648755
Car 0 2 2.746861 868 169 961 201 1.575508 1.789188 4.699617 16.36004 0.6730781 40.47068 3.131021
Car 0 3 1.023446 411 190 461 213 1.516165 1.552475 3.912388 -12.77094 1.794088 50.05732 0.7736487
Car 0 2 1.156531 369 190 421 216 1.615665 1.839667 4.097933 -15.41211 1.906903 49.45703 0.8544423
Car 0.4421354 3 -2.372355 0 210 49 236 1.38182 1.727404 3.973109 -34.95802 2.77168 41.08391 -3.077368
Car 0 1 -2.794644 365 183 454 222 1.945312 1.892187 4.609375 -11.76351 1.824655 40.61071 -3.076593
