Car 0.6549538 0 2.389366 0 213 203 374 1.484442 1.564952 4.090225 -5.547443 1.816927 6.097322 1.651154
Car 0.0595873 0 -2.107927 825 178 1241 374 1.462216 1.667148 3.889512 3.320236 1.397194 6.367347 -1.627269
Car 0 0 1.84271 374 186 468 248 1.561269 1.630639 3.624328 -5.668456 1.589226 21.0711 1.579916
Car 0 0 -1.828009 714 174 840 260 1.508927 1.600727 3.541442 3.107428 1.273599 14.93741 -1.622904
Car 0 1 -1.823568 694 174 779 234 1.531034 1.504644 3.336817 3.190502 1.184996 20.37267 -1.668223
Car 0 1 1.773302 433 187 495 233 1.456842 1.426118 3.51561 -5.553675 1.504474 26.16395 1.564142
Car 0 2 -1.717282 691 178 748 221 1.393046 1.452511 3.435073 3.497437 1.084544 25.89514 -1.583033
Car 0 1 -3.332309 763 171 814 192 1.382211 1.434529 3.400866 11.67912 0.3152879 50.65409 -3.105703
Car 0 3 -3.33114 711 137 826 190 4.200121 3.014801 9.963866 12.9279 0.05293047 63.73315 -3.131011
Car 0 3 -3.464469 828 164 902 189 1.575508 1.789188 4.699617 16.94171 0.07254994 50.40656 -3.140229
Car 0 3 1.107624 420 183 464 204 1.615665 1.839667 4.097933 -14.71699 1.41008 59.77054 0.8662012
Car 0 1 -2.848527 426 178 496 208 1.945312 1.892187 4.609375 -11.17123 1.382461 50.88216 -3.064649
