Car 0 0 2.125861 41 203 332 338 1.426384 1.614783 4.125178 -5.828841 1.729617 10.40763 1.615331
Car 0.4207669 0 -2.191045 880 190 1241 374 1.471051 1.596091 3.865517 3.171775 1.516094 4.585091 -1.585872
Car 0 0 -1.873104 761 179 972 319 1.571396 1.572021 4.042688 3.17733 1.466057 10.15301 -1.569814
Car 0 0 1.921592 293 194 421 272 1.481957 1.499868 3.577903 -5.749993 1.674808 16.26677 1.581819
Car 0 0 1.354387 701 183 790 243 1.455476 1.614714 3.60968 3.348834 1.373445 19.92735 1.520884
Car 0 0 1.874628 417 189 497 237 1.484442 1.564952 4.090225 -5.643944 1.589141 25.48149 1.656655
Car 0 1 -1.746874 680 183 748 228 1.462216 1.667148 3.889512 3.230975 1.325153 25.7072 -1.621846
Car 0 0 1.724944 498 185 538 214 1.561269 1.630639 3.624328 -5.68332 1.456166 40.45685 1.585378
Car 0 1 -1.706649 664 181 709 215 1.508927 1.600727 3.541442 3.064801 1.25328 34.27888 -1.617479
Car 0 2 -1.742668 660 181 699 210 1.531034 1.504644 3.336817 3.177588 1.201267 39.71408 -1.662827
Car 0 1 1.690641 517 186 547 210 1.456842 1.426118 3.51561 -5.540667 1.40634 45.54946 1.569595
Car 0 3 -1.655129 663 182 692 206 1.393046 1.452511 3.435073 3.514863 1.141856 45.23538 -1.577583
Car 0 2 -3.268348 726 179 762 194 1.382211 1.434529 3.400866 11.83698 0.6747903 69.95503 -3.100728
Car 0 3 1.052568 471 184 505 199 1.615665 1.839667 4.097933 -14.52654 1.370132 79.20404 0.871177
Car 0 1 0.7830926 25 197 79 216 1.581004 1.67633 3.758134 -50.23224 2.559935 64.03659 0.1179177
Car 0.5463177 2 0.7881522 0 198 28 217 1.611007 1.743869 4.063929 -55.45886 2.709287 64.58643 0.07864242
Car 0 2 -2.9041 482 180 531 201 1.945312 1.892187 4.609375 -11.02698 1.346613 70.29736 -3.059695
Car 0 0 -2.461233 546 183 595 201 1.5 1.70867 4.351549 -4.529379 1.204525 64.74805 -2.531073
