Car 0 0 2.105981 17 202 303 351 1.561269 1.630639 3.624328 -5.940948 1.82041 9.92471 1.56659
Car 0.6410173 0 -2.277175 874 185 1241 374 1.508927 1.600727 3.541442 2.918364 1.506575 3.91205 -1.636243
Car 0 0 -1.985198 750 181 978 328 1.531034 1.504644 3.336817 2.929009 1.467935 9.348518 -1.681573
Car 0 0 1.924779 259 200 396 285 1.456842 1.426118 3.51561 -5.894024 1.782716 15.0192 1.550813
Car 0 1 -1.805838 723 187 837 266 1.393046 1.452511 3.435073 3.162395 1.419708 14.87529 -1.596363
Car 0 1 -3.389861 789 178 855 205 1.382211 1.434529 3.400866 11.01563 0.9292291 39.74743 -3.119505
Car 0 3 2.913454 718 137 858 201 4.200121 3.014801 9.963866 12.09033 0.7939798 52.84388 3.138376
Car 0 3 -0.3939925 903 171 1004 209 1.462113 1.758562 3.665867 14.14472 0.8652586 30.95473 0.03462484
Car 0 2 2.738813 872 169 968 202 1.575508 1.789188 4.699617 16.28253 0.7187574 39.57252 3.12916
Car 0 2 1.028055 405 191 456 214 1.516165 1.552475 3.912388 -12.86685 1.823405 49.10495 0.7717892
Car 0 3 1.162047 363 191 415 217 1.615665 1.839667 4.097933 -15.50701 1.933779 48.49974 0.8525855
Car 0 0 -2.788294 357 184 449 223 1.945312 1.892187 4.609375 -11.84211 1.848601 39.66018 -3.078456
