Car 0.7940469 0 -2.448847 913 177 1241 374 1.531034 1.504644 3.336817 2.819142 1.488182 3.003965 -1.695178
Car 0.1148884 0 2.154929 0 209 239 374 1.456842 1.426118 3.51561 -6.079099 1.797053 8.556222 1.537198
Car 0 0 -1.945678 772 186 1017 340 1.393046 1.452511 3.435073 2.977225 1.405107 8.532991 -1.609977
Car 0 1 -3.436242 808 172 888 205 1.382211 1.434529 3.400866 10.49005 0.7354001 33.5059 -3.132829
Car 0 3 2.88548 719 126 880 198 4.200121 3.014801 9.963866 11.38619 0.5158571 46.61463 3.125051
Car 0 2 -0.4853233 959 163 1091 211 1.462113 1.758562 3.665867 13.73814 0.7153416 24.75624 0.02130193
Car 0 1 2.675013 906 162 1022 200 1.575508 1.789188 4.699617 15.75813 0.5086616 33.40118 3.115834
Car 0 2 1.065938 361 188 420 216 1.516165 1.552475 3.912388 -13.51443 1.650528 42.54378 0.75836
Car 0 0 -2.734503 291 180 404 228 1.945312 1.892187 4.609375 -12.36133 1.730587 33.11413 -3.091778
Car 0 2 -2.571047 127 201 230 235 1.337052 1.655838 3.804953 -20.07807 2.06567 33.05324 -3.116924
