Car 0 0 1.798486 441 190 522 242 1.465943 1.662682 3.757097 -4.278431 1.588311 22.85362 1.613418
Car 0.04641366 0 -2.053239 872 196 1241 374 1.40595 1.662349 3.86098 3.885012 1.526491 6.974986 -1.545044
Car 0 0 -1.906767 779 181 938 286 1.590111 1.587046 3.339513 3.98665 1.487522 12.65376 -1.601555
Car 0 1 -1.7588 743 186 840 253 1.47251 1.60254 3.698168 4.076714 1.452171 17.81186 -1.533799
Car 0 1 1.763035 486 189 548 229 1.428983 1.675727 3.763085 -3.992353 1.545641 28.52815 1.623993
Car 0 1 -1.710276 721 184 790 235 1.490678 1.638055 3.515222 4.237087 1.41362 23.24365 -1.529966
Car 0 1 1.745858 512 189 565 221 1.382725 1.677222 4.342848 -3.793579 1.506366 33.95189 1.634585
Car 0 1 -1.690712 704 184 760 225 1.499206 1.6414 4.137382 4.297684 1.378411 28.4716 -1.540896
Car 0 0 1.706412 565 186 596 208 1.453445 1.603852 3.198821 -2.746714 1.382538 49.74522 1.651253
Car 0 2 -1.650445 698 183 742 218 1.507654 1.661433 3.500855 4.529097 1.341371 33.45 -1.515865
Car 0 2 -1.633899 698 183 733 212 1.50907 1.610535 3.512901 5.042173 1.295417 38.92367 -1.505076
Car 0 1 -1.655826 693 183 727 208 1.490741 1.678634 3.801369 5.417549 1.25167 44.48611 -1.534642
Car 0 1 1.718428 574 185 604 205 1.493747 1.634919 3.68457 -2.351921 1.344316 54.39737 1.675219
Car 0 3 -1.623171 696 182 723 205 1.492202 1.606235 3.54776 6.064962 1.203207 49.928 -1.502289
