Car 0.9537849 0 1.760707 0 218 26 325 1.312963 1.610742 4.509785 -8.705755 1.77928 8.949245 0.9890999
Car 0.6406539 0 1.693902 0 206 55 297 1.426602 1.740349 3.627708 -11.32617 1.803917 12.86232 0.971926
Car 0 0 1.289742 917 175 1049 252 1.516165 1.552475 3.912388 7.92057 1.253104 16.18092 1.744955
Car 0 0 1.507715 818 173 911 246 1.615665 1.839667 4.097933 5.934614 1.284704 18.02589 1.825766
Car 0 0 -1.718629 295 192 358 230 1.38182 1.727404 3.973109 -12.00787 1.630534 29.46472 -2.105613
Car 0 1 -2.881904 477 178 567 219 1.739288 1.579136 3.899857 -4.417695 1.391691 32.64786 -3.016401
Car 0 1 -1.694751 280 190 331 224 1.496754 1.620751 4.107733 -14.99051 1.6529 34.41078 -2.105594
Car 0 0 1.686595 83 193 134 225 1.581004 1.67633 3.758134 -27.07734 1.928442 38.42593 1.072746
Car 0 2 -2.827982 421 185 508 215 1.488714 1.52631 4.377771 -8.15173 1.429902 37.95473 -3.039543
Car 0 2 1.637031 98 192 141 221 1.611007 1.743869 4.063929 -29.64921 1.944027 43.01148 1.0335
Car 0 2 -2.867694 454 183 541 217 1.549682 1.800742 3.980218 -5.968946 1.401263 35.39885 -3.034743
Car 0 0 -1.596756 255 186 282 209 1.773543 1.77327 5.095459 -28.95093 1.734066 59.59926 -2.048947
Car 0 2 1.670236 111 195 148 218 1.392182 1.549477 3.649398 -31.96554 1.956392 47.28636 1.0758
Car 0 1 1.660158 120 193 155 216 1.464744 1.62806 3.922484 -34.20254 1.968151 51.43057 1.073294
Car 0 0 1.685928 166 192 190 207 1.465943 1.662682 3.757097 -46.03395 2.005854 75.47226 1.138228
Car 0 3 -1.569338 258 190 281 207 1.40595 1.662349 3.86098 -31.5126 1.738962 65.08785 -2.020229
Car 0 1 1.689096 174 192 197 205 1.428983 1.675727 3.763085 -48.37578 2.008492 80.64911 1.148801
Car 0 1 1.694142 180 192 202 204 1.382725 1.677222 4.342848 -50.68048 2.013175 85.563 1.15939
Car 0 0 1.693567 199 191 217 202 1.453445 1.603852 3.198821 -56.97544 2.013261 100.0859 1.176053
Car 0 3 -1.564589 267 189 282 200 1.490741 1.678634 3.801369 -47.31187 1.766781 99.14503 -2.00983
Car 0 1 1.712591 204 190 221 201 1.493747 1.634919 3.68457 -58.75288 2.010784 104.4034 1.200013
Car 0 2 -1.536442 271 188 285 199 1.492202 1.606235 3.54776 -49.22606 1.75851 104.2803 -1.977485
Car 0 0 -2.173455 538 151 842 332 1.945312 1.892187 4.609375 0.6889825 1.516689 10.02551 -2.10484
Car 0 0 -1.913222 400 196 529 265 1.337052 1.655838 3.804953 -3.619193 1.55745 16.43659 -2.129955
