Car 0 0 -1.760652 734 188 857 266 1.38182 1.727404 3.973109 3.516105 1.422348 15.22696 -1.533717
Car 0.4581056 0 -3.144558 1109 161 1241 256 1.739288 1.579136 3.899857 11.62211 1.233354 13.79271 -2.44436
Car 0 1 -1.707405 712 182 791 240 1.496754 1.620751 4.107733 3.685002 1.36486 21.00003 -1.533698
Car 0 0 1.783027 488 184 547 224 1.581004 1.67633 3.758134 -4.306253 1.472679 30.92056 1.644649
Car 0 1 -2.977976 940 174 1118 233 1.488714 1.52631 4.377771 11.35441 1.180204 20.27598 -2.467493
Car 0 1 1.715189 515 183 563 217 1.611007 1.743869 4.063929 -3.98704 1.41629 36.16813 1.605396
Car 0 1 -3.071233 1027 170 1232 244 1.549682 1.800742 3.980218 11.80662 1.199658 16.94537 -2.462694
Car 0 0 -1.588745 688 176 717 203 1.773543 1.77327 5.095459 5.578752 1.052448 49.7346 -1.477041
Car 0 1 1.73576 536 186 575 212 1.392182 1.549477 3.649398 -3.621102 1.362423 41.01616 1.647703
Car 0 1 1.716375 550 184 586 209 1.464744 1.62806 3.922484 -3.259167 1.310065 45.71136 1.645196
Car 0 0 0.3384535 270 190 367 223 1.503748 1.873824 4.231641 -14.84562 1.690622 35.79648 -0.05468023
Car 0 0 1.71285 607 182 630 197 1.465943 1.662682 3.757097 -0.1957321 0.9880068 72.32899 1.710144
Car 0 3 -1.562561 692 181 716 200 1.40595 1.662349 3.86098 6.39533 0.9766961 55.73579 -1.448317
Car 0 1 1.712548 616 182 637 196 1.428983 1.675727 3.763085 0.6369858 0.9153693 77.94907 1.72072
Car 0 1 1.715008 622 182 643 194 1.382725 1.677222 4.342848 1.358597 0.847729 83.32798 1.731311
Car 0 0 1.708324 642 181 657 192 1.453445 1.603852 3.198821 3.925669 0.6395646 98.94552 1.747978
Car 0 2 -1.561506 704 179 718 191 1.490741 1.678634 3.801369 11.5431 0.5051128 92.92163 -1.437915
Car 0 1 1.725927 646 180 662 191 1.493747 1.634919 3.68457 4.767847 0.5761781 103.5375 1.771944
Car 0 1 -1.534209 708 179 721 190 1.492202 1.606235 3.54776 12.71296 0.4265233 98.27521 -1.405563
