Car 0.9639874 0 2.470431 0 196 144 374 1.581004 1.67633 3.758134 -4.750521 1.661162 4.07169 1.608239
Car 0 0 2.029094 78 185 381 346 1.611007 1.743869 4.063929 -4.622558 1.59638 9.327309 1.568977
Car 0 0 -1.702477 724 172 803 234 1.773543 1.77327 5.095459 4.444946 1.314993 23.23368 -1.513446
Car 0 1 1.914206 312 193 458 277 1.392182 1.549477 3.649398 -4.433342 1.535604 14.18536 1.611294
Car 0 1 1.829707 401 187 504 251 1.464744 1.62806 3.922484 -4.242559 1.476647 18.89055 1.608786
Car 0 0 1.720859 568 181 604 206 1.465943 1.662682 3.757097 -2.149858 1.129225 45.60173 1.673749
Car 0 3 -1.655374 722 182 773 220 1.40595 1.662349 3.86098 5.042609 1.235023 29.26055 -1.484716
Car 0 1 -1.697066 714 178 757 212 1.590111 1.587046 3.339513 5.48641 1.161378 34.92253 -1.541238
Car 0 2 -1.619366 711 180 745 208 1.47251 1.60254 3.698168 5.887267 1.094511 40.06551 -1.473469
Car 0 1 1.71402 583 181 615 202 1.428983 1.675727 3.763085 -1.522184 1.053448 51.24833 1.684327
Car 0 2 -1.608903 708 179 738 204 1.490678 1.638055 3.515222 6.374815 1.02332 45.47741 -1.469635
Car 0 1 1.712515 593 181 622 200 1.382725 1.677222 4.342848 -0.9967842 0.9819045 56.64989 1.694921
Car 0 2 -1.612955 704 179 732 201 1.499206 1.6414 4.137382 6.750464 0.9559121 50.69188 -1.480567
Car 0 0 1.697765 620 180 641 195 1.453445 1.603852 3.198821 1.000385 0.76803 72.3504 1.711591
Car 0 3 -1.606165 707 178 728 195 1.490741 1.678634 3.801369 8.833847 0.7383508 66.60876 -1.474312
Car 0 1 1.713804 626 179 647 194 1.493747 1.634919 3.68457 1.674957 0.7040058 76.97 1.735562
