Car 0.3124487 0 2.132561 0 215 243 374 1.426602 1.740349 3.627708 -5.242629 1.763872 6.858441 1.479904
Car 0 0 -1.700428 660 191 737 243 1.38182 1.727404 3.973109 2.238008 1.518533 21.69468 -1.597632
Car 0 1 -2.973048 909 171 1062 236 1.739288 1.579136 3.899857 10.41871 1.308469 20.7825 -2.508344
Car 0 1 -1.671669 648 187 704 230 1.496754 1.620751 4.107733 2.037822 1.504134 27.46703 -1.597613
Car 0 0 1.75715 466 189 514 222 1.581004 1.67633 3.758134 -6.570398 1.696533 36.85586 1.58073
Car 0 1 -2.874846 818 181 943 223 1.488714 1.52631 4.377771 9.73748 1.304291 27.23565 -2.531481
Car 0 1 1.696636 486 188 527 217 1.611007 1.743869 4.063929 -6.587017 1.6791 42.11338 1.541481
Car 0 2 -2.936546 869 178 1004 228 1.549682 1.800742 3.980218 10.40147 1.298187 23.94067 -2.526682
Car 0 0 -1.578131 635 182 661 206 1.773543 1.77327 5.095459 2.092316 1.404853 56.2654 -1.540961
Car 0 1 1.72194 503 191 536 214 1.392182 1.549477 3.649398 -6.531493 1.661132 46.97514 1.583785
Car 0 1 1.705817 514 189 545 211 1.464744 1.62806 3.922484 -6.4702 1.643533 51.68414 1.581278
Car 0 0 0.2821457 270 194 354 223 1.503748 1.873824 4.231641 -17.39921 1.964456 41.04697 -0.1187805
Car 0 0 1.711309 563 187 584 201 1.465943 1.662682 3.757097 -5.113247 1.517238 78.44474 1.646219
Car 0 3 -1.552726 639 186 660 203 1.40595 1.662349 3.86098 2.523888 1.373077 62.30689 -1.51224
Car 0 3 -1.610082 641 184 661 201 1.590111 1.587046 3.339513 2.811731 1.346301 67.97935 -1.568744
Car 0 1 1.711919 571 187 590 200 1.428983 1.675727 3.763085 -4.641228 1.485698 84.1069 1.656793
Car 0 3 -1.540538 644 185 661 199 1.490678 1.638055 3.515222 3.409365 1.294789 78.55545 -1.497165
Car 0 1 1.714986 577 187 596 199 1.382725 1.677222 4.342848 -4.264681 1.457487 89.52128 1.667383
Car 0 0 1.709695 595 186 609 196 1.453445 1.603852 3.198821 -2.700466 1.363205 105.272 1.684048
Car 0 3 -1.52243 650 184 664 196 1.50907 1.610535 3.512901 4.728243 1.207258 94.20084 -1.472278
Car 0 2 -1.554782 652 184 666 195 1.490741 1.678634 3.801369 5.285824 1.173878 99.74806 -1.50184
Car 0 1 1.7276 599 185 614 196 1.493747 1.634919 3.68457 -2.153339 1.333192 109.9087 1.70801
Car 0 3 -1.527537 657 184 669 195 1.492202 1.606235 3.54776 6.111305 1.133958 105.1659 -1.469492
Car 0.1255599 0 -2.100258 826 205 1241 374 1.337052 1.655838 3.804953 3.230405 1.545222 6.231127 -1.621975
