Car 0.6812234 0 2.031828 0 232 155 374 1.312963 1.610742 4.509785 -5.962671 1.862451 6.647992 1.300721
Car 0 1 1.85947 20 213 240 336 1.426602 1.740349 3.627708 -7.257092 1.896888 11.17597 1.283553
Car 0 0 -1.690699 516 194 578 235 1.38182 1.727404 3.973109 -2.818797 1.662252 27.18787 -1.794008
Car 0 1 -2.895196 707 175 813 223 1.739288 1.579136 3.899857 5.378724 1.335585 27.89081 -2.704685
Car 0 1 -1.66843 507 191 554 227 1.496754 1.620751 4.107733 -4.141383 1.693758 32.81015 -1.793989
Car 0 0 1.72749 338 195 383 226 1.581004 1.67633 3.758134 -14.41202 2.071963 40.33741 1.384338
Car 0 2 -2.82875 646 183 742 218 1.488714 1.52631 4.377771 3.451723 1.388864 34.08686 -2.727832
Car 0 1 1.672596 354 194 392 222 1.611007 1.743869 4.063929 -15.4542 2.094117 45.49061 1.345106
Car 0 2 -2.875008 682 181 780 220 1.549682 1.800742 3.980218 4.745574 1.34918 30.98489 -2.723031
Car 0 0 -1.579716 494 187 517 209 1.773543 1.77327 5.095459 -9.707314 1.809364 61.06552 -1.737362
Car 0 1 1.701817 368 197 400 218 1.392182 1.549477 3.649398 -16.34843 2.111805 50.26974 1.387391
Car 0 1 1.688614 378 195 408 216 1.464744 1.62806 3.922484 -17.2072 2.128641 54.90018 1.384885
Car 0 1 0.2326527 132 203 220 232 1.503748 1.873824 4.231641 -25.84528 2.516572 42.33322 -0.3154662
Car 0 0 1.703379 422 193 443 207 1.465943 1.662682 3.757097 -21.0987 2.184499 81.4113 1.449797
Car 0 3 -1.553911 497 191 517 207 1.40595 1.662349 3.86098 -10.4631 1.817032 67.07514 -1.708655
Car 0 1 1.705092 430 193 449 205 1.428983 1.675727 3.763085 -21.74083 2.189019 87.0568 1.460366
Car 0 3 -1.541312 501 190 517 203 1.490678 1.638055 3.515222 -12.76561 1.848518 83.18425 -1.693586
Car 0 1 1.708974 435 193 454 204 1.382725 1.677222 4.342848 -22.42819 2.196294 92.44062 1.470951
Car 0 0 1.705617 453 191 467 202 1.453445 1.603852 3.198821 -23.96819 2.198951 108.194 1.487608
Car 0 3 -1.522718 507 189 521 201 1.50907 1.610535 3.512901 -14.52557 1.860429 98.78643 -1.668712
Car 0 2 -1.554895 510 189 523 200 1.490741 1.678634 3.801369 -15.06137 1.861101 104.3359 -1.698259
Car 0 1 1.723963 457 191 472 201 1.493747 1.634919 3.68457 -24.33661 2.196313 112.8485 1.511559
Car 0 3 -1.527403 513 189 526 199 1.492202 1.606235 3.54776 -15.30932 1.850669 109.8107 -1.665926
Car 0.4855255 0 -2.397177 816 98 1241 374 1.945312 1.892187 4.609375 3.306387 1.50288 4.792281 -1.793234
Car 0 0 -1.913945 613 198 787 298 1.337052 1.655838 3.804953 1.17141 1.559846 12.21539 -1.818341
