Car 0.228101 0 -2.106233 858 159 1241 374 1.773543 1.77327 5.095459 3.69968 1.592291 6.095889 -1.560745
Car 0 0 1.76578 486 193 548 235 1.465943 1.662682 3.757097 -3.944771 1.737059 28.12762 1.626443
Car 0 1 -1.851057 787 197 959 299 1.40595 1.662349 3.86098 4.011703 1.591407 12.14481 -1.532019
Car 0 0 -1.819299 745 187 846 258 1.590111 1.587046 3.339513 4.187298 1.592552 17.82192 -1.588533
Car 0 1 -1.707638 726 191 795 241 1.47251 1.60254 3.698168 4.344537 1.593631 22.97853 -1.520774
Car 0 1 1.742689 517 193 568 226 1.428983 1.675727 3.763085 -3.584796 1.735093 33.79809 1.637019
Car 0 1 -1.676638 712 189 766 230 1.490678 1.638055 3.515222 4.575649 1.593662 28.4079 -1.51694
Car 0 1 1.731946 536 193 581 221 1.382725 1.677222 4.342848 -3.315389 1.734472 39.21893 1.647611
Car 0 1 -1.666835 701 189 746 223 1.499206 1.6414 4.137382 4.704332 1.595273 33.63474 -1.527871
Car 0 0 1.701769 580 190 607 210 1.453445 1.603852 3.198821 -2.062857 1.724772 54.99777 1.664279
Car 0 2 -1.631638 697 188 734 218 1.507654 1.661433 3.500855 5.000577 1.593877 38.60984 -1.502839
Car 0 3 -1.618088 698 188 729 214 1.50907 1.610535 3.512901 5.584929 1.587982 44.07655 -1.49205
Car 0 2 -1.642569 695 188 724 211 1.490741 1.678634 3.801369 6.032743 1.584453 49.6338 -1.521617
Car 0 1 1.71519 588 189 614 208 1.493747 1.634919 3.68457 -1.607483 1.720457 59.64453 1.688245
