Car 0.6052306 0 1.876998 0 218 117 374 1.312963 1.610742 4.509785 -7.162459 1.781461 8.161357 1.156694
Car 0.01003194 1 1.770105 0 204 168 311 1.426602 1.740349 3.627708 -9.093424 1.778905 12.45679 1.139529
Car 0.3500851 0 1.217452 1133 158 1241 259 1.516165 1.552475 3.912388 10.43044 1.024472 12.5117 1.91238
Car 0 1 1.453647 994 158 1134 249 1.615665 1.839667 4.097933 8.780304 1.049562 14.66236 1.993207
Car 0 0 -1.700718 416 187 476 226 1.38182 1.727404 3.973109 -6.999441 1.402382 28.93731 -1.938042
Car 0 1 -2.881299 596 170 691 214 1.739288 1.579136 3.899857 1.012291 1.059656 30.80676 -2.848451
Car 0 1 -1.678357 405 184 452 219 1.496754 1.620751 4.107733 -9.115356 1.387605 34.3116 -1.938023
Car 0 0 1.708212 230 189 276 220 1.581004 1.67633 3.758134 -20.3601 1.714286 40.28969 1.240299
Car 0 2 -2.822965 541 177 629 209 1.488714 1.52631 4.377771 -1.78414 1.062505 36.6623 -2.871591
Car 0 2 1.656039 245 188 284 216 1.611007 1.743869 4.063929 -22.13118 1.69381 45.23994 1.201072
Car 0 2 -2.865062 574 175 663 211 1.549682 1.800742 3.980218 -0.05842781 1.047663 33.77794 -2.866792
Car 0 0 -1.586416 388 180 413 203 1.773543 1.77327 5.095459 -18.67943 1.269285 61.47543 -1.881403
Car 0 2 1.687251 259 190 292 212 1.392182 1.549477 3.649398 -23.70215 1.671874 49.84121 1.243352
Car 0 1 1.675604 268 189 299 210 1.464744 1.62806 3.922484 -25.21668 1.650309 54.30041 1.240846
Car 0 1 0.2073845 0 197 97 228 1.503748 1.873824 4.231641 -31.96144 2.155933 40.62752 -0.4591905
Car 0 0 1.69573 312 187 333 201 1.465943 1.662682 3.757097 -32.87331 1.485048 79.97794 1.305752
Car 0 3 -1.559937 392 184 412 201 1.40595 1.662349 3.86098 -20.29002 1.226673 67.31418 -1.852698
Car 0 1 1.698138 319 186 340 199 1.428983 1.675727 3.763085 -34.31913 1.442251 85.47263 1.31632
Car 0 1 1.702568 325 186 345 198 1.382725 1.677222 4.342848 -35.77217 1.404495 90.7019 1.326905
Car 0 0 1.700521 343 185 358 196 1.453445 1.603852 3.198821 -39.55747 1.27481 106.0706 1.343561
Car 0 3 -1.526655 400 183 415 194 1.50907 1.610535 3.512901 -28.86225 1.004851 98.11317 -1.812758
Car 0 2 -1.558568 403 183 416 194 1.490741 1.678634 3.801369 -30.18909 0.9588946 103.5281 -1.842303
Car 0 1 1.71918 347 185 362 195 1.493747 1.634919 3.68457 -40.59017 1.232964 110.6237 1.367511
Car 0 3 -1.530797 406 183 419 193 1.492202 1.606235 3.54776 -31.22034 0.9021156 108.9103 -1.809972
Car 0 0 -2.226483 661 124 1102 374 1.945312 1.892187 4.609375 2.276984 1.426317 7.65227 -1.937269
Car 0 0 -1.901097 511 190 652 270 1.337052 1.655838 3.804953 -0.9014001 1.422653 14.69229 -1.962372
