Car 0.9680845 0 2.260403 0 245 116 374 1.312963 1.610742 4.509785 -5.218585 1.844839 4.578168 1.409728
Car 0.02079439 0 1.97043 0 217 265 371 1.426602 1.740349 3.627708 -6.012726 1.880217 9.220089 1.392557
Car 0 0 -1.690772 593 195 660 241 1.38182 1.727404 3.973109 0.1424351 1.682767 24.65412 -1.684995
Car 0 1 -2.925391 806 175 931 229 1.739288 1.579136 3.899857 8.368972 1.387785 24.46111 -2.595742
Car 0 1 -1.666529 583 192 634 231 1.496754 1.620751 4.107733 -0.5606165 1.716511 30.38691 -1.684976
Car 0 0 1.743299 412 195 457 227 1.581004 1.67633 3.758134 -9.952566 2.065791 38.98678 1.493357
Car 0 1 -2.846081 735 184 842 222 1.488714 1.52631 4.377771 7.127453 1.441768 30.83002 -2.618887
Car 0 1 1.685692 429 194 468 223 1.611007 1.743869 4.063929 -10.42788 2.090635 44.22276 1.454119
Car 0 2 -2.8987 776 181 889 225 1.549682 1.800742 3.980218 8.07622 1.402967 27.60571 -2.614086
Car 0 0 -1.577281 572 187 596 210 1.773543 1.77327 5.095459 -3.01927 1.847423 59.08006 -1.628341
Car 0 1 1.712985 444 197 477 219 1.392182 1.549477 3.649398 -10.79682 2.111089 49.07082 1.49641
Car 0 1 1.698322 455 195 485 217 1.464744 1.62806 3.922484 -11.14668 2.130634 53.76719 1.493904
Car 0 0 0.2571213 215 202 299 231 1.503748 1.873824 4.231641 -21.10239 2.470023 42.21452 -0.206434
Car 0 0 1.708307 501 193 522 207 1.465943 1.662682 3.757097 -12.13044 2.205851 80.5443 1.558825
Car 0 3 -1.551817 575 191 596 208 1.40595 1.662349 3.86098 -3.116652 1.859953 65.13623 -1.599629
Car 0 3 -1.609195 578 189 596 206 1.590111 1.587046 3.339513 -3.324972 1.87589 70.81221 -1.656115
Car 0 1 1.709433 509 193 528 206 1.428983 1.675727 3.763085 -12.15444 2.215194 86.22613 1.569396
Car 0 1 1.712872 514 193 533 205 1.382725 1.677222 4.342848 -12.2519 2.226787 91.65276 1.579982
Car 0 0 1.70846 532 192 546 202 1.453445 1.603852 3.198821 -12.06854 2.243848 107.4802 1.596642
Car 0 3 -1.521548 586 190 600 201 1.50907 1.610535 3.512901 -3.704433 1.928731 97.10122 -1.55968
Car 0 2 -1.553861 588 190 602 201 1.490741 1.678634 3.801369 -3.633198 1.934502 102.676 -1.589232
Car 0 1 1.72656 536 191 551 201 1.493747 1.634919 3.68457 -11.92828 2.245791 112.1471 1.620596
Car 0 3 -1.526538 592 189 605 200 1.492202 1.606235 3.54776 -3.283875 1.930154 108.1453 -1.556894
Car 0.9918736 2 -2.828344 1103 104 1241 374 1.945312 1.892187 4.609375 3.794825 1.517698 1.725132 -1.684221
Car 0 0 -1.96897 709 203 958 342 1.337052 1.655838 3.804953 2.480073 1.576159 9.33644 -1.709332
