Car 0.9856234 0 2.419326 0 228 97 374 1.426602 1.740349 3.627708 -4.953243 1.750872 3.978325 1.525204
Car 0 0 -1.723564 703 192 798 255 1.38182 1.727404 3.973109 3.192424 1.535614 18.46059 -1.552325
Car 0 0 -3.045901 1004 169 1198 250 1.739288 1.579136 3.899857 11.32421 1.358191 17.17889 -2.46309
Car 0 1 -1.685766 688 187 753 237 1.496754 1.620751 4.107733 3.253871 1.520501 24.23608 -1.552306
Car 0 0 1.769759 488 189 541 225 1.581004 1.67633 3.758134 -4.921092 1.678677 34.00508 1.62604
Car 0 1 -2.919248 883 182 1032 231 1.488714 1.52631 4.377771 10.93589 1.351389 23.65627 -2.486227
Car 0 1 1.70593 511 188 555 219 1.611007 1.743869 4.063929 -4.699566 1.661256 39.25796 1.586788
Car 0 1 -2.994259 948 179 1112 239 1.549682 1.800742 3.980218 11.45002 1.347886 20.3346 -2.481428
Car 0 0 -1.582459 671 182 698 207 1.773543 1.77327 5.095459 4.612694 1.421863 53.00243 -1.495649
Car 0 1 1.729048 530 191 565 215 1.392182 1.549477 3.649398 -4.423885 1.643582 44.11222 1.629095
Car 0 1 1.711388 542 189 575 212 1.464744 1.62806 3.922484 -4.149363 1.626297 48.81361 1.626588
Car 0 0 0.3087494 283 194 373 224 1.503748 1.873824 4.231641 -15.55001 1.903437 38.68227 -0.07347392
Car 0 0 1.712484 595 187 616 202 1.465943 1.662682 3.757097 -1.581594 1.505814 75.4853 1.691535
Car 0 3 -1.556783 675 186 697 204 1.40595 1.662349 3.86098 5.317505 1.3919 59.01817 -1.466926
Car 0 3 -1.61383 677 184 697 202 1.590111 1.587046 3.339513 5.862003 1.366356 64.67178 -1.523434
Car 0 1 1.712631 603 187 623 200 1.428983 1.675727 3.763085 -0.8535538 1.476242 81.12028 1.70211
Car 0 1 1.715384 609 187 629 199 1.382725 1.677222 4.342848 -0.2321167 1.449614 86.51204 1.712701
Car 0 0 1.709365 628 186 643 196 1.453445 1.603852 3.198821 2.044043 1.361809 102.1758 1.729367
Car 0 2 -1.52539 685 184 700 197 1.50907 1.610535 3.512901 8.964396 1.235351 90.77958 -1.42696
Car 0 2 -1.557665 687 184 701 196 1.490741 1.678634 3.801369 9.772713 1.204279 96.29584 -1.456525
Car 0 1 1.727111 632 185 647 196 1.493747 1.634919 3.68457 2.800671 1.334049 106.783 1.753332
Car 0 2 -1.530418 692 184 705 195 1.492202 1.606235 3.54776 10.84282 1.167735 101.6707 -1.424173
Car 0.9497009 1 -2.44181 1016 223 1241 374 1.337052 1.655838 3.804953 3.4835 1.566035 2.967963 -1.576671
