Car 0.005802453 0 -1.984547 814 165 1202 374 1.773543 1.77327 5.095459 3.73566 1.591406 8.164372 -1.555427
Car 0.9917637 1 2.509351 0 227 84 374 1.464744 1.62806 3.922484 -4.760975 1.747553 3.458588 1.566809
Car 0 0 1.756493 499 194 557 232 1.465943 1.662682 3.757097 -3.791175 1.771697 30.2363 1.631759
Car 0 1 -1.806263 769 196 906 280 1.40595 1.662349 3.86098 4.079836 1.594447 14.21155 -1.526702
Car 0 1 -1.795459 736 187 824 250 1.590111 1.587046 3.339513 4.285615 1.599561 19.88764 -1.583213
Car 0 1 -1.692099 721 190 783 237 1.47251 1.60254 3.698168 4.470269 1.604249 25.04334 -1.515458
Car 0 1 1.736777 527 193 575 224 1.428983 1.675727 3.763085 -3.401061 1.773248 35.90479 1.642335
Car 0 1 -1.665631 710 189 759 227 1.490678 1.638055 3.515222 4.730247 1.607922 30.4714 -1.511624
Car 0 1 1.727871 544 193 586 220 1.382725 1.677222 4.342848 -3.102839 1.77617 41.32411 1.652926
Car 0 1 -1.658602 700 189 742 221 1.499206 1.6414 4.137382 4.886719 1.613266 35.69748 -1.522555
Car 0 0 1.700522 585 191 611 210 1.453445 1.603852 3.198821 -1.766459 1.775651 57.09607 1.669593
Car 0 2 -1.624917 697 189 732 217 1.507654 1.661433 3.500855 5.209409 1.615004 40.67095 -1.497524
Car 0 3 -1.612285 698 188 727 213 1.50907 1.610535 3.512901 5.822803 1.611926 46.13447 -1.486735
Car 0 2 -1.637587 696 188 724 210 1.490741 1.678634 3.801369 6.300146 1.611614 51.68926 -1.5163
Car 0 1 1.714391 592 190 618 208 1.493747 1.634919 3.68457 -1.286398 1.773831 61.74035 1.693558
Car 0 3 1.605362 540 190 559 204 1.60914 1.86729 3.690948 -7.861 1.929811 80.0798 1.507511
