Car 0 0 -1.775397 743 173 873 265 1.773543 1.77327 5.095459 3.989059 1.471287 16.27564 -1.535041
Car 0.119961 0 2.177785 0 207 301 374 1.392182 1.549477 3.649398 -4.692027 1.635475 7.03678 1.5897
Car 0 0 1.960692 219 194 422 305 1.464744 1.62806 3.922484 -4.602885 1.594133 11.74518 1.587192
Car 0 0 1.732182 540 184 583 214 1.465943 1.662682 3.757097 -3.087395 1.34939 38.49645 1.652153
Car 0 2 -1.703431 732 187 805 237 1.40595 1.662349 3.86098 4.45646 1.414817 22.31428 -1.506311
Car 0 1 -1.731934 718 181 774 224 1.590111 1.587046 3.339513 4.777908 1.362937 27.98476 -1.562832
Car 0 2 -1.646825 711 183 754 217 1.47251 1.60254 3.698168 5.067628 1.315835 33.13541 -1.495064
Car 0 1 1.721135 559 184 596 209 1.428983 1.675727 3.763085 -2.58178 1.295809 44.15554 1.662731
Car 0 2 -1.63135 706 183 742 212 1.490678 1.638055 3.515222 5.438215 1.265615 38.55681 -1.49123
Car 0 1 1.717138 571 185 606 206 1.382725 1.677222 4.342848 -2.173127 1.245299 49.56743 1.673324
Car 0 2 -1.631662 700 182 732 208 1.499206 1.6414 4.137382 5.701191 1.218165 43.7784 -1.502163
Car 0 0 1.697886 604 183 626 199 1.453445 1.603852 3.198821 -0.5153923 1.09381 65.30812 1.689995
Car 0 3 -1.602133 699 182 726 205 1.507654 1.661433 3.500855 6.125221 1.171341 48.74403 -1.477127
Car 0 3 -1.592067 701 181 725 202 1.50907 1.610535 3.512901 6.849924 1.117421 54.19364 -1.466336
Car 0 2 -1.619822 700 182 723 200 1.490741 1.678634 3.801369 7.440447 1.064004 59.73729 -1.495907
Car 0 1 1.713117 610 182 633 198 1.493747 1.634919 3.68457 0.05928802 1.048372 69.94143 1.713965
