Car 0 0 -1.791904 748 165 892 265 1.773543 1.77327 5.095459 3.942828 1.327797 15.20199 -1.538133
Car 0.4604541 0 2.257007 0 207 253 374 1.392182 1.549477 3.649398 -4.709012 1.621118 5.938926 1.586607
Car 0 0 1.994644 165 190 402 317 1.464744 1.62806 3.922484 -4.634439 1.538939 10.64705 1.584099
Car 0 0 1.734467 535 179 580 209 1.465943 1.662682 3.757097 -3.201812 1.05636 37.39965 1.649064
Car 0 2 -1.713273 735 180 813 233 1.40595 1.662349 3.86098 4.391515 1.216917 21.24129 -1.509401
Car 0 1 -1.738659 719 174 779 220 1.590111 1.587046 3.339513 4.695399 1.114622 26.91206 -1.565925
Car 0 2 -1.651912 712 177 757 212 1.47251 1.60254 3.698168 4.969166 1.021739 32.06296 -1.498154
Car 0 1 1.722582 555 179 594 204 1.428983 1.675727 3.763085 -2.713739 0.9513999 43.05956 1.659643
Car 0 2 -1.635379 706 176 743 206 1.490678 1.638055 3.515222 5.322956 0.9229541 37.48482 -1.49432
Car 0 1 1.718101 568 179 603 201 1.382725 1.677222 4.342848 -2.321858 0.8521876 48.47201 1.670237
Car 0 1 -1.63494 699 175 733 202 1.499206 1.6414 4.137382 5.56976 0.8292691 42.70657 -1.505253
Car 0 0 1.69801 601 176 624 193 1.453445 1.603852 3.198821 -0.7129402 0.5563405 64.21573 1.686908
Car 0 3 -1.604969 698 175 726 199 1.507654 1.661433 3.500855 5.978398 0.7374758 47.67286 -1.480215
Car 0 3 -1.622109 699 175 723 194 1.490741 1.678634 3.801369 7.259518 0.5284122 58.66868 -1.498997
Car 0 1 1.713097 607 176 631 192 1.493747 1.634919 3.68457 -0.1526337 0.4679109 68.85017 1.71088
