Car 0 0 1.322925 799 183 902 250 1.516165 1.552475 3.912388 5.715109 1.428855 18.43043 1.623613
Car 0 0 1.530373 712 181 791 246 1.615665 1.839667 4.097933 3.520237 1.466525 20.02104 1.704421
Car 0 0 -1.734338 199 197 266 235 1.38182 1.727404 3.973109 -15.67664 1.821879 29.19997 -2.227046
Car 0 1 -2.887176 389 184 479 224 1.739288 1.579136 3.899857 -8.526926 1.648515 33.28062 -3.137993
Car 0 1 -1.708961 181 195 236 229 1.496754 1.620751 4.107733 -19.23636 1.872206 33.74817 -2.227027
Car 0.7964131 0 1.66995 0 197 13 230 1.581004 1.67633 3.758134 -31.72144 2.122187 36.26785 0.951322
Car 0 2 3.447992 330 190 419 221 1.488714 1.52631 4.377771 -12.87626 1.714063 38.09584 3.12205
Car 0.5673705 1 1.622236 0 196 20 226 1.611007 1.743869 4.063929 -34.82972 2.164663 40.508 0.9120666
Car 0 2 3.409395 365 189 453 222 1.549682 1.800742 3.980218 -10.39993 1.674177 35.82339 3.12685
Car 0 0 -1.605712 147 191 177 214 1.773543 1.77327 5.095459 -36.14454 2.101915 57.05953 -2.170367
Car 0.3046378 2 1.656865 0 200 27 224 1.392182 1.549477 3.649398 -37.64673 2.202502 44.47073 0.9543768
Car 0.05271477 1 1.647926 0 198 34 221 1.464744 1.62806 3.922484 -40.36915 2.239 48.31336 0.9518695
Car 0 0 1.677875 43 196 70 212 1.465943 1.662682 3.757097 -55.02497 2.425938 70.74457 1.016819
Car 0 3 -1.577528 150 195 175 212 1.40595 1.662349 3.86098 -39.35202 2.141576 62.19736 -2.141642
Car 0 1 1.681617 52 196 77 211 1.428983 1.675727 3.763085 -57.97646 2.461738 75.59959 1.027395
Car 0 1 1.687135 58 197 83 210 1.382725 1.677222 4.342848 -60.85927 2.49749 80.19808 1.037986
Car 0 0 1.687693 79 195 98 207 1.453445 1.603852 3.198821 -68.86655 2.59198 93.85149 1.054653
Car 0 1 1.706998 84 195 104 206 1.493747 1.634919 3.68457 -71.15375 2.618037 97.92186 1.078617
Car 0 0 -2.163536 456 163 718 314 1.945312 1.892187 4.609375 -0.7188172 1.602997 11.44268 -2.226272
Car 0 0 -1.929106 317 200 445 266 1.337052 1.655838 3.804953 -5.771787 1.677797 17.28442 -2.251394
