Car 0 0 1.344659 688 186 777 246 1.516165 1.552475 3.912388 3.026877 1.487064 20.28495 1.492784
Car 0 0 1.543786 608 184 680 244 1.615665 1.839667 4.097933 0.6432428 1.528101 21.57551 1.57359
Car 0 0 -1.750331 79 200 156 239 1.38182 1.727404 3.973109 -19.58714 1.898489 28.17045 -2.357901
Car 0 1 3.388835 287 186 381 227 1.739288 1.579136 3.899857 -13.03085 1.742366 33.14949 3.014296
Car 0 1 -1.723413 56 197 120 233 1.496754 1.620751 4.107733 -23.70981 1.960274 32.2152 -2.357882
Car 0 1 3.439553 223 192 318 224 1.488714 1.52631 4.377771 -17.97122 1.819653 37.35592 2.991155
Car 0 3 3.401728 262 191 354 225 1.549682 1.800742 3.980218 -15.21958 1.774512 35.42608 2.995955
Car 0 0 -1.614899 9 193 46 219 1.773543 1.77327 5.095459 -43.51475 2.2496 53.1207 -2.301218
Car 0 3 -1.58596 12 198 41 216 1.40595 1.662349 3.86098 -47.36511 2.30275 57.79604 -2.272492
Car 0 3 -1.640849 10 196 39 215 1.590111 1.587046 3.339513 -51.06532 2.354763 62.10487 -2.329006
Car 0 3 -1.576959 10 196 32 212 1.499206 1.6414 4.137382 -61.35117 2.499128 74.12541 -2.268344
Car 0 0 -2.16457 365 167 608 301 1.945312 1.892187 4.609375 -2.440488 1.635593 12.51705 -2.357127
Car 0 0 -1.94674 219 202 352 265 1.337052 1.655838 3.804953 -8.212406 1.724784 17.64941 -2.382251
