Car 0 0 -1.750093 726 189 841 263 1.38182 1.727404 3.973109 3.453464 1.459725 16.02064 -1.537778
Car 0.2972229 0 -3.117751 1080 164 1241 255 1.739288 1.579136 3.899857 11.56552 1.279305 14.61987 -2.448471
Car 0 1 -1.701412 706 184 781 239 1.496754 1.620751 4.107733 3.598917 1.416721 21.79448 -1.537759
Car 0 0 1.779602 489 185 546 225 1.581004 1.67633 3.758134 -4.432851 1.537058 31.68209 1.640588
Car 0 1 -2.962191 925 177 1095 233 1.488714 1.52631 4.377771 11.27148 1.241737 21.10211 -2.471606
Car 0 1 1.712835 515 184 562 218 1.611007 1.743869 4.063929 -4.134941 1.494082 36.93104 1.601335
Car 0 1 -3.050448 1006 174 1197 243 1.549682 1.800742 3.980218 11.73723 1.253656 17.77333 -2.466807
Car 0 0 -1.58708 684 178 713 205 1.773543 1.77327 5.095459 5.376014 1.177975 50.5372 -1.481102
Car 0 1 1.734076 535 187 573 213 1.392182 1.549477 3.649398 -3.788685 1.452713 41.78063 1.643643
Car 0 1 1.71514 549 186 584 210 1.464744 1.62806 3.922484 -3.445808 1.412471 46.47739 1.641136
Car 0 0 0.3307858 274 191 369 223 1.503748 1.873824 4.231641 -14.99231 1.751276 36.51451 -0.05881214
Car 0 0 1.712791 605 183 627 199 1.465943 1.662682 3.757097 -0.4903946 1.160607 73.10799 1.706084
Car 0 3 -1.561039 688 183 711 202 1.40595 1.662349 3.86098 6.168241 1.118237 56.54184 -1.452377
Car 0 1 1.712601 613 183 634 197 1.428983 1.675727 3.763085 0.319519 1.103068 78.73157 1.716659
Car 0 1 1.715133 619 184 640 196 1.382725 1.677222 4.342848 1.019302 1.049766 84.11353 1.72725
Car 0 0 1.708611 639 182 654 193 1.453445 1.603852 3.198821 3.523016 0.8839369 99.74185 1.743917
Car 0 3 -1.528344 698 181 713 194 1.50907 1.610535 3.512901 10.27667 0.8045713 88.24567 -1.412411
Car 0 2 -1.560513 700 181 714 193 1.490741 1.678634 3.801369 11.16512 0.7460147 93.74939 -1.441976
Car 0 1 1.726248 643 182 659 193 1.493747 1.634919 3.68457 4.346567 0.8331289 104.3374 1.767883
Car 0 2 -1.533231 704 181 718 192 1.492202 1.606235 3.54776 12.31327 0.6823706 99.10786 -1.409624
