Car 0 0 -1.875026 793 202 1020 330 1.38182 1.727404 3.973109 3.676747 1.615525 10.04582 -1.52417
Car 0 1 -1.765941 748 193 864 272 1.496754 1.620751 4.107733 3.900758 1.6377 15.81726 -1.524151
Car 0 0 1.807789 469 194 542 243 1.581004 1.67633 3.758134 -3.995935 1.861373 25.8113 1.654195
Car 0.2564384 0 -3.114175 1056 185 1241 263 1.488714 1.52631 4.377771 11.56339 1.462591 15.02253 -2.458162
Car 0 1 1.731194 506 193 563 233 1.611007 1.743869 4.063929 -3.626621 1.877817 31.05586 1.614943
Car 0.8976313 1 -3.251265 1212 183 1241 276 1.549682 1.800742 3.980218 11.98381 1.437482 11.6878 -2.453362
Car 0 0 -1.602935 704 186 737 216 1.773543 1.77327 5.095459 6.068849 1.724475 44.534 -1.467495
Car 0 1 1.746548 532 196 577 227 1.392182 1.549477 3.649398 -3.214397 1.891417 35.90045 1.657249
Car 0 1 1.723799 549 194 590 222 1.464744 1.62806 3.922484 -2.807632 1.90442 40.59225 1.654742
Car 0 0 0.394439 220 200 335 239 1.503748 1.873824 4.231641 -14.48894 2.11946 30.78428 -0.04546257
Car 0 0 1.712097 614 192 638 208 1.465943 1.662682 3.757097 0.5099545 1.955466 67.18131 1.719688
Car 0 3 -1.575322 707 191 734 212 1.40595 1.662349 3.86098 6.942731 1.733163 50.52758 -1.438772
Car 0 1 1.711083 623 192 646 207 1.428983 1.675727 3.763085 1.396336 1.962078 72.79363 1.730262
Car 0 1 1.713108 630 192 652 205 1.382725 1.677222 4.342848 2.169308 1.970096 78.16583 1.740853
Car 0 0 1.705459 650 191 667 202 1.453445 1.603852 3.198821 4.885513 1.982801 93.75951 1.757519
Car 0 1 1.722862 655 190 672 202 1.493747 1.634919 3.68457 5.771545 1.984579 98.34369 1.781482
