Car 0 0 1.31378 835 180 946 250 1.516165 1.552475 3.912388 6.469289 1.357951 17.74841 1.663314
Car 0 0 1.524338 745 179 828 245 1.615665 1.839667 4.097933 4.33939 1.395012 19.42504 1.74412
Car 0 0 -1.729199 231 196 297 233 1.38182 1.727404 3.973109 -14.47707 1.760852 29.36014 -2.1873
Car 0 1 -2.885173 418 182 508 222 1.739288 1.579136 3.899857 -7.171395 1.558523 33.15307 -3.098202
Car 0 1 -1.704318 215 193 268 228 1.496754 1.620751 4.107733 -17.85329 1.803614 34.04624 -2.187281
Car 0 0 1.675267 1 196 55 229 1.581004 1.67633 3.758134 -30.22789 2.071942 37.06052 0.9910645
Car 0 2 -2.832663 360 188 448 219 1.488714 1.52631 4.377771 -11.32596 1.617307 38.13739 -3.121345
Car 0 2 1.626974 16 195 62 225 1.611007 1.743869 4.063929 -33.16528 2.106914 41.42086 0.9518128
Car 0 2 -2.871571 395 187 482 220 1.549682 1.800742 3.980218 -8.941904 1.579705 35.76828 -3.116545
Car 0 0 -1.602781 184 189 213 213 1.773543 1.77327 5.095459 -33.82206 1.991678 58.01126 -2.130626
Car 0 2 1.661155 29 198 69 222 1.392182 1.549477 3.649398 -35.82263 2.137551 45.49243 0.9941189
Car 0 1 1.651857 38 197 76 220 1.464744 1.62806 3.922484 -38.39025 2.167045 49.44024 0.991612
Car 0 0 1.680483 85 195 112 210 1.465943 1.662682 3.757097 -52.14348 2.310452 72.43621 1.056556
Car 0 3 -1.574845 187 194 211 211 1.40595 1.662349 3.86098 -36.82293 2.021048 63.27251 -2.101904
Car 0 1 1.684042 94 195 119 209 1.428983 1.675727 3.763085 -54.89981 2.336357 77.4047 1.06713
Car 0 1 1.689409 100 195 124 208 1.382725 1.677222 4.342848 -57.59769 2.362924 82.11414 1.077721
Car 0 0 1.689605 120 194 139 205 1.453445 1.603852 3.198821 -65.05635 2.428957 96.07497 1.094386
Car 0 1 1.70882 125 193 144 205 1.493747 1.634919 3.68457 -67.18006 2.446317 100.233 1.118348
Car 0 3 -1.539831 199 192 214 203 1.492202 1.606235 3.54776 -57.67447 2.216784 100.8889 -2.059154
Car 0 0 -2.165066 482 159 755 318 1.945312 1.892187 4.609375 -0.2365813 1.569237 11.02227 -2.186526
Car 0 0 -1.923668 345 199 473 265 1.337052 1.655838 3.804953 -5.053454 1.63535 17.06026 -2.211646
