Car 0 0 -1.875582 776 164 1006 309 1.773543 1.77327 5.095459 3.803413 1.450054 11.21131 -1.548517
Car 0.256388 0 2.197499 0 203 287 374 1.464744 1.62806 3.922484 -4.725651 1.661501 6.566746 1.573717
Car 0 0 1.745387 516 184 567 218 1.465943 1.662682 3.757097 -3.570887 1.329589 33.33508 1.638673
Car 0 1 -1.757966 750 185 854 253 1.40595 1.662349 3.86098 4.189358 1.372797 17.25547 -1.51979
Car 0 1 -1.767338 727 178 800 232 1.590111 1.587046 3.339513 4.434343 1.302438 22.92957 -1.576306
Car 0 1 -1.672793 716 181 769 222 1.47251 1.60254 3.698168 4.654612 1.23857 28.08348 -1.508544
Car 0 1 1.72963 540 183 583 212 1.428983 1.675727 3.763085 -3.141621 1.255929 39.00025 1.64925
Car 0 1 -1.651431 707 180 751 214 1.490678 1.638055 3.515222 4.952081 1.170123 33.50919 -1.50471
Car 0 1 1.722932 555 183 594 207 1.382725 1.677222 4.342848 -2.805965 1.186881 44.41694 1.659843
Car 0 1 -1.64769 699 179 737 209 1.499206 1.6414 4.137382 5.144651 1.105949 38.73367 -1.515642
Car 0 0 1.699119 592 181 617 199 1.453445 1.603852 3.198821 -1.360649 0.9773153 60.1779 1.676512
Car 0 3 -1.615834 697 179 729 205 1.507654 1.661433 3.500855 5.501694 1.041681 43.70437 -1.490608
Car 0 3 -1.604322 699 179 725 202 1.50907 1.610535 3.512901 6.152821 0.9663185 49.163 -1.479818
Car 0 2 -1.630669 696 179 723 199 1.490741 1.678634 3.801369 6.668531 0.8923877 54.71387 -1.509387
Car 0 1 1.71357 599 180 623 197 1.493747 1.634919 3.68457 -0.8485146 0.914014 64.81832 1.700481
Car 0 3 1.601884 548 180 566 194 1.60914 1.86729 3.690948 -7.296371 0.8198161 83.20314 1.514415
