Car 0.05778414 0 -2.027483 854 189 1241 374 1.496754 1.620751 4.107733 3.679836 1.531615 6.977513 -1.542168
Car 0 0 1.891668 361 189 487 267 1.581004 1.67633 3.758134 -4.395768 1.652055 16.82935 1.636179
Car 0 1 1.781445 438 187 525 246 1.611007 1.743869 4.063929 -4.121002 1.616821 22.07962 1.596925
Car 0 0 -1.633606 708 178 753 216 1.773543 1.77327 5.095459 5.330209 1.335512 35.72811 -1.48551
Car 0 1 1.77927 485 191 548 233 1.392182 1.549477 3.649398 -3.796125 1.582725 26.93075 1.639234
Car 0 1 1.746123 512 188 567 225 1.464744 1.62806 3.922484 -3.473954 1.549539 31.62902 1.636727
Car 0 0 0.5426819 23 197 204 254 1.503748 1.873824 4.231641 -14.97684 1.855141 21.61475 -0.06326237
Car 0 0 1.712589 599 185 626 204 1.465943 1.662682 3.757097 -0.6359158 1.339391 58.27276 1.701676
Car 0 3 -1.653716 709 181 739 207 1.590111 1.587046 3.339513 6.697765 1.240842 47.38394 -1.513296
Car 0 3 -1.582585 709 183 733 204 1.47251 1.60254 3.698168 7.242129 1.200425 52.51399 -1.445541
Car 0 1 1.709917 609 185 635 202 1.428983 1.675727 3.763085 0.1492157 1.290974 63.89993 1.712252
Car 0 3 -1.57696 708 182 731 202 1.490678 1.638055 3.515222 7.880655 1.156478 57.91045 -1.441707
Car 0 1 1.710932 617 185 641 200 1.382725 1.677222 4.342848 0.8252831 1.246275 69.285 1.722843
Car 0 3 -1.584984 707 182 728 200 1.499206 1.6414 4.137382 8.401825 1.116162 63.11267 -1.452638
Car 0 0 1.701141 640 184 657 196 1.453445 1.603852 3.198821 3.260138 1.106224 84.92445 1.739511
Car 0 1 1.718118 645 183 663 196 1.493747 1.634919 3.68457 4.063442 1.063143 89.52365 1.763476
