Car 0 0 -1.850969 767 162 970 294 1.773543 1.77327 5.095459 3.839632 1.401279 12.18286 -1.545657
Car 0.0722506 0 2.132778 0 200 324 374 1.464744 1.62806 3.922484 -4.702027 1.653795 7.563568 1.576579
Car 0 0 1.742296 521 182 571 216 1.465943 1.662682 3.757097 -3.470761 1.266786 34.32774 1.641532
Car 0 2 -1.745651 746 182 843 246 1.40595 1.662349 3.86098 4.242842 1.311108 18.22572 -1.516931
Car 0 1 -1.759721 725 176 794 228 1.590111 1.587046 3.339513 4.504043 1.229069 23.89894 -1.573444
Car 0 1 -1.667384 715 179 766 218 1.47251 1.60254 3.698168 4.739038 1.154601 29.05206 -1.505686
Car 0 1 1.727613 544 182 586 210 1.428983 1.675727 3.763085 -3.02532 1.180766 39.99149 1.652108
Car 0 1 -1.64735 707 178 749 211 1.490678 1.638055 3.515222 5.052009 1.074747 34.47673 -1.501852
Car 0 1 1.721526 558 182 596 206 1.382725 1.677222 4.342848 -2.674192 1.100184 45.40705 1.6627
Car 0 1 -1.644496 699 178 736 207 1.499206 1.6414 4.137382 5.259517 0.9999431 39.7005 -1.512783
Car 0 0 1.698723 594 179 619 197 1.453445 1.603852 3.198821 -1.183895 0.8552818 61.16331 1.679369
Car 0 3 -1.613141 697 177 728 203 1.507654 1.661433 3.500855 5.63075 0.9249041 44.67001 -1.48775
Car 0 3 -1.601937 699 177 725 200 1.50907 1.610535 3.512901 6.297447 0.8367341 50.12658 -1.476961
Car 0 2 -1.628575 697 177 723 197 1.490741 1.678634 3.801369 6.828997 0.7503331 55.67577 -1.506528
Car 0 1 1.713344 601 179 625 196 1.493747 1.634919 3.68457 -0.6585217 0.7812489 65.80209 1.703337
Car 0 3 1.600847 551 179 569 193 1.60914 1.86729 3.690948 -7.053249 0.6766039 84.20541 1.517279
