Car 0.7491626 0 2.077894 0 236 153 374 1.312963 1.610742 4.509785 -5.74833 1.87334 6.1772 1.328443
Car 0 1 1.883463 15 215 249 345 1.426602 1.740349 3.627708 -6.91673 1.916677 10.73925 1.311274
Car 0 0 -1.689951 536 195 598 238 1.38182 1.727404 3.973109 -2.036123 1.716627 26.62239 -1.766284
Car 0 1 -2.901174 731 176 841 226 1.739288 1.579136 3.899857 6.177866 1.394239 27.09844 -2.677027
Car 0 1 -1.667381 526 192 573 229 1.496754 1.620751 4.107733 -3.202336 1.759283 32.27909 -1.766265
Car 0 0 1.731522 357 196 402 228 1.581004 1.67633 3.758134 -13.26048 2.149483 40.08742 1.412063
Car 0 1 -2.832057 668 185 766 220 1.488714 1.52631 4.377771 4.423369 1.459645 33.34542 -2.700174
Car 0 1 1.675983 374 195 412 223 1.611007 1.743869 4.063929 -14.1594 2.181916 45.26748 1.37283
Car 0 2 -2.879652 705 182 806 222 1.549682 1.800742 3.980218 5.630735 1.414003 30.20886 -2.695373
Car 0 0 -1.578827 513 188 537 211 1.773543 1.77327 5.095459 -7.9828 1.931298 60.67762 -1.709636
Car 0 1 1.704739 388 198 420 220 1.392182 1.549477 3.649398 -14.92079 2.209161 50.06953 1.415117
Car 0 1 1.691181 398 196 428 218 1.464744 1.62806 3.922484 -15.65086 2.23526 54.72195 1.412611
Car 0 1 0.2385343 154 204 241 234 1.503748 1.873824 4.231641 -24.63419 2.594269 42.39855 -0.2878086
Car 0 0 1.704758 443 194 463 208 1.465943 1.662682 3.757097 -18.80588 2.344504 81.33061 1.477524
Car 0 3 -1.553128 517 192 537 209 1.40595 1.662349 3.86098 -8.571684 1.951111 66.70586 -1.680928
Car 0 1 1.706321 450 194 469 207 1.428983 1.675727 3.763085 -19.29124 2.360456 86.99171 1.488093
Car 0 3 -1.5407 521 191 538 205 1.490678 1.638055 3.515222 -10.4267 2.015058 82.87252 -1.665858
Car 0 1 1.71009 456 194 474 206 1.382725 1.677222 4.342848 -19.82907 2.378608 92.39249 1.498679
Car 0 0 1.70646 473 193 488 203 1.453445 1.603852 3.198821 -20.93173 2.413255 108.1825 1.515336
Car 0 3 -1.528555 523 191 538 203 1.507654 1.661433 3.500855 -11.52004 2.052408 93.02455 -1.651766
Car 0 3 -1.522242 527 190 541 202 1.50907 1.610535 3.512901 -11.75342 2.05857 98.51744 -1.640983
Car 0 3 -1.554461 530 190 543 201 1.490741 1.678634 3.801369 -12.13517 2.070513 104.0796 -1.670532
Car 0 1 1.724742 477 192 492 203 1.493747 1.634919 3.68457 -21.17095 2.420098 112.8454 1.539288
Car 0 3 -1.527018 534 190 546 201 1.492202 1.606235 3.54776 -12.23122 2.071297 109.5592 -1.638198
Car 0 3 1.583723 445 193 457 202 1.60914 1.86729 3.690948 -30.4804 2.775872 129.9566 1.353344
Car 0.6580683 0 -2.471402 864 100 1241 374 1.945312 1.892187 4.609375 3.465859 1.513136 4.065957 -1.765511
Car 0 0 -1.92301 635 200 822 307 1.337052 1.655838 3.804953 1.537485 1.584689 11.54528 -1.790619
