Car 0.7395245 0 -2.276061 960 209 1241 374 1.38182 1.727404 3.973109 3.58524 1.558994 3.931267 -1.536666
Car 0 0 -1.904216 803 189 1043 331 1.496754 1.620751 4.107733 3.737117 1.531679 9.705039 -1.536646
Car 0 0 1.856882 406 189 509 255 1.581004 1.67633 3.758134 -4.284112 1.657981 19.60112 1.641701
Car 0 1 1.761274 464 187 539 239 1.611007 1.743869 4.063929 -3.980355 1.629686 24.84984 1.602447
Car 0 0 -1.623258 706 179 747 215 1.773543 1.77327 5.095459 5.546242 1.373696 38.44632 -1.479988
Car 0 1 1.766335 502 191 559 229 1.392182 1.549477 3.649398 -3.628691 1.60206 29.69914 1.644756
Car 0 1 1.737339 526 189 575 222 1.464744 1.62806 3.922484 -3.280579 1.575148 34.39561 1.642249
Car 0 0 0.4878072 99 196 254 246 1.503748 1.873824 4.231641 -14.83879 1.858366 24.44457 -0.05777134
Car 0 0 1.71204 604 186 630 204 1.465943 1.662682 3.757097 -0.2954178 1.401416 61.02351 1.707199
Car 0 3 -1.593053 710 185 740 210 1.40595 1.662349 3.86098 6.345184 1.331893 44.45021 -1.451263
Car 0 3 -1.646183 708 182 736 206 1.590111 1.587046 3.339513 6.978159 1.295062 50.09454 -1.507774
Car 0 1 1.70996 614 186 638 202 1.428983 1.675727 3.763085 0.5207882 1.360846 66.64633 1.717774
Car 0 1 1.711338 621 186 645 201 1.382725 1.677222 4.342848 1.226587 1.323593 72.02764 1.728366
Car 0 3 -1.579576 708 183 728 200 1.499206 1.6414 4.137382 8.769072 1.191904 65.81377 -1.447115
Car 0 0 1.702302 643 184 660 197 1.453445 1.603852 3.198821 3.747803 1.205558 87.65359 1.745033
Car 0 1 1.719429 648 184 665 196 1.493747 1.634919 3.68457 4.576506 1.169024 92.24834 1.768999
