Car 0.8615398 0 1.786624 0 219 50 345 1.312963 1.610742 4.509785 -8.315426 1.792115 8.797335 1.029379
Car 0.4364664 0 1.711481 0 206 84 301 1.426602 1.740349 3.627708 -10.77614 1.815641 12.81276 1.012207
Car 0 0 1.275217 962 171 1107 252 1.516165 1.552475 3.912388 8.586456 1.189151 15.3526 1.78516
Car 0 0 1.497193 856 170 957 246 1.615665 1.839667 4.097933 6.676479 1.22284 17.27608 1.865971
Car 0 0 -1.713917 325 192 387 230 1.38182 1.727404 3.973109 -10.78979 1.601219 29.42866 -2.065341
Car 0 1 -2.881047 505 177 596 218 1.739288 1.579136 3.899857 -3.078572 1.32763 32.30311 -2.976063
Car 0 1 -1.690463 311 189 361 223 1.496754 1.620751 4.107733 -13.57088 1.621033 34.49081 -2.065322
Car 0 0 1.691942 121 193 170 225 1.581004 1.67633 3.758134 -25.48527 1.928152 38.98988 1.113014
Car 0 2 -2.826254 450 183 537 214 1.488714 1.52631 4.377771 -6.595863 1.364963 37.75606 -2.999206
Car 0 2 1.641757 136 192 178 221 1.611007 1.743869 4.063929 -27.87045 1.940699 43.67527 1.073773
Car 0 2 -2.866448 483 181 570 216 1.549682 1.800742 3.980218 -4.517817 1.335408 35.11433 -2.994406
Car 0 0 -1.594054 289 185 315 208 1.773543 1.77327 5.095459 -26.50597 1.684933 60.22092 -2.008682
Car 0 2 1.674485 149 195 185 218 1.392182 1.549477 3.649398 -30.01282 1.949949 48.03993 1.116067
Car 0 1 1.664029 158 193 192 215 1.464744 1.62806 3.922484 -32.08117 1.95866 52.27084 1.113561
Car 0 0 1.688425 203 191 227 206 1.465943 1.662682 3.757097 -42.9353 1.974683 76.76929 1.178487
Car 0 3 -1.566875 292 189 314 206 1.40595 1.662349 3.86098 -28.84465 1.684394 65.80817 -1.979968
Car 0 1 1.691405 211 191 233 205 1.428983 1.675727 3.763085 -45.06688 1.971936 82.0362 1.189059
Car 0 1 1.696299 217 191 238 204 1.382725 1.677222 4.342848 -47.17194 1.971793 87.03888 1.199646
Car 0 0 1.695359 236 190 252 201 1.453445 1.603852 3.198821 -52.87732 1.955817 101.8033 1.216307
Car 0 2 -1.562996 301 188 316 199 1.490741 1.678634 3.801369 -43.26039 1.678158 100.4737 -1.96957
Car 0 1 1.714292 240 190 257 200 1.493747 1.634919 3.68457 -54.47958 1.948238 106.1888 1.240264
Car 0 2 -1.534945 305 188 319 198 1.492202 1.606235 3.54776 -44.96639 1.663123 105.6818 -1.93723
Car 0 0 -2.181372 566 146 892 341 1.945312 1.892187 4.609375 1.114011 1.494005 9.493926 -2.064567
Car 0 0 -1.909219 427 195 558 266 1.337052 1.655838 3.804953 -2.932506 1.533 16.0733 -2.089679
