Car 0 0 2.016819 189 192 416 317 1.581004 1.67633 3.758134 -4.595274 1.668002 11.10999 1.624629
Car 0 1 1.846984 353 187 484 270 1.611007 1.743869 4.063929 -4.381169 1.631422 16.36308 1.585373
Car 0 0 -1.658726 713 177 769 223 1.773543 1.77327 5.095459 4.912263 1.371213 30.1199 -1.497059
Car 0 1 1.819128 434 193 519 247 1.392182 1.549477 3.649398 -4.112343 1.596281 21.21763 1.627684
Car 0 1 1.772427 476 189 545 234 1.464744 1.62806 3.922484 -3.844456 1.562105 25.91931 1.625177
Car 0.9005667 1 0.6931242 0 200 49 271 1.503748 1.873824 4.231641 -15.23153 1.839363 15.77272 -0.07482037
Car 0 0 1.715114 587 185 618 206 1.465943 1.662682 3.757097 -1.314272 1.349188 52.59401 1.69013
Car 0 3 -1.62231 715 185 754 215 1.40595 1.662349 3.86098 5.608607 1.320823 36.13649 -1.468332
Car 0 2 -1.670845 711 181 745 210 1.590111 1.587046 3.339513 6.14514 1.275687 41.79074 -1.524846
Car 0 3 -1.597447 710 183 738 207 1.47251 1.60254 3.698168 6.630232 1.23473 46.92672 -1.457087
Car 0 1 1.71091 599 185 627 204 1.428983 1.675727 3.763085 -0.5941601 1.300709 58.22987 1.700706
Car 0 2 -1.590103 709 182 734 204 1.490678 1.638055 3.515222 7.206402 1.190402 52.3302 -1.453254
Car 0 1 1.710989 607 185 634 202 1.382725 1.677222 4.342848 0.01968193 1.255739 63.62239 1.711298
Car 0 2 -1.596663 706 182 729 202 1.499206 1.6414 4.137382 7.667465 1.149452 57.53809 -1.464185
Car 0 0 1.699297 632 183 651 197 1.453445 1.603852 3.198821 2.273821 1.116228 79.28892 1.727967
Car 0 3 -1.570894 706 182 727 200 1.507654 1.661433 3.500855 8.27972 1.107279 62.48409 -1.439152
Car 0 1 1.715905 637 183 656 196 1.493747 1.634919 3.68457 3.023983 1.073551 83.89709 1.751934
Car 0 3 1.589945 596 183 611 194 1.60914 1.86729 3.690948 -2.469666 1.06116 102.5895 1.565876
