Car 0.9995919 3 2.519885 0 234 23 374 1.426602 1.740349 3.627708 -4.925057 1.750677 3.238845 1.530806
Car 0 0 -1.731387 711 191 812 257 1.38182 1.727404 3.973109 3.301513 1.512511 17.67495 -1.546724
Car 0 0 -3.06748 1027 167 1235 252 1.739288 1.579136 3.899857 11.4259 1.332843 16.34747 -2.457466
Car 0 1 -1.690495 694 186 762 238 1.496754 1.620751 4.107733 3.39531 1.4898 23.44998 -1.546705
Car 0 0 1.772731 489 188 543 225 1.581004 1.67633 3.758134 -4.724715 1.63912 33.26483 1.631641
Car 0 1 -2.932278 897 180 1052 231 1.488714 1.52631 4.377771 11.07388 1.317741 22.82691 -2.480603
Car 0 1 1.708023 513 187 558 219 1.611007 1.743869 4.063929 -4.473771 1.614708 38.51636 1.592389
Car 0 1 -3.01123 966 177 1138 240 1.549682 1.800742 3.980218 11.56939 1.318342 19.50241 -2.475804
Car 0 0 -1.583919 676 181 703 207 1.773543 1.77327 5.095459 4.915228 1.35281 52.20811 -1.490048
Car 0 1 1.730574 532 190 569 215 1.392182 1.549477 3.649398 -4.170907 1.590539 43.36897 1.634696
Car 0 1 1.712527 545 188 579 211 1.464744 1.62806 3.922484 -3.870057 1.566962 48.06872 1.632189
Car 0 0 0.3155288 281 193 372 224 1.503748 1.873824 4.231641 -15.32715 1.86288 38.00179 -0.06784228
Car 0 0 1.712564 599 186 620 201 1.465943 1.662682 3.757097 -1.152958 1.410289 74.72543 1.697136
Car 0 3 -1.558131 680 185 702 204 1.40595 1.662349 3.86098 5.653717 1.314624 58.21976 -1.461325
Car 0 1 1.712606 607 186 627 199 1.428983 1.675727 3.763085 -0.3933735 1.372981 80.35619 1.707711
Car 0 1 1.71529 613 186 633 198 1.382725 1.677222 4.342848 0.2582455 1.338989 85.74435 1.718302
Car 0 0 1.709114 632 185 647 196 1.453445 1.603852 3.198821 2.622082 1.229559 101.3949 1.734969
Car 0 2 -1.526335 690 183 705 196 1.50907 1.610535 3.512901 9.47842 1.114695 89.96 -1.421359
Car 0 2 -1.558576 692 183 706 195 1.490741 1.678634 3.801369 10.31761 1.076005 95.47162 -1.450924
Car 0 1 1.726826 636 184 652 195 1.493747 1.634919 3.68457 3.404505 1.195396 105.9978 1.758933
Car 0 2 -1.531318 696 183 709 194 1.492202 1.606235 3.54776 11.4178 1.0319 100.8403 -1.418572
Car 0.9888336 2 -2.58535 1100 232 1241 374 1.337052 1.655838 3.804953 3.505801 1.563093 2.180985 -1.57107
