Car 0 0 1.331664 760 186 857 249 1.516165 1.552475 3.912388 4.82675 1.48033 19.13587 1.578746
Car 0 0 1.535945 675 183 751 246 1.615665 1.839667 4.097933 2.562668 1.517732 20.62633 1.659554
Car 0 0 -1.740037 160 198 230 237 1.38182 1.727404 3.973109 -17.02725 1.85991 28.93398 -2.271948
Car 0 1 3.393597 355 186 446 226 1.739288 1.579136 3.899857 -10.06752 1.708619 33.33166 3.100269
Car 0 1 -1.714109 140 196 198 231 1.496754 1.620751 4.107733 -20.78751 1.914309 33.31779 -2.271929
Car 0 1 3.445075 295 192 385 222 1.488714 1.52631 4.377771 -14.62861 1.777444 37.94675 3.077128
Car 0 2 3.406781 331 190 419 224 1.549682 1.800742 3.980218 -12.05276 1.736766 35.78778 3.081928
Car 0 0 -1.608972 102 192 135 216 1.773543 1.77327 5.095459 -38.72486 2.167266 55.84658 -2.215265
Car 0.2404051 0 1.674989 0 197 21 213 1.465943 1.662682 3.757097 -58.20074 2.488991 68.67007 0.9719236
Car 0 3 -1.580517 106 196 132 214 1.40595 1.662349 3.86098 -42.15967 2.212976 60.83524 -2.186538
Car 0 3 -1.635779 105 194 130 212 1.590111 1.587046 3.339513 -45.47635 2.257949 65.44588 -2.243053
Car 0 1 1.67893 0 197 28 212 1.428983 1.675727 3.763085 -61.36714 2.530648 73.38771 0.9824997
Car 0 1 1.684612 7 198 34 211 1.382725 1.677222 4.342848 -64.45341 2.571793 77.85216 0.9930916
Car 0 0 1.685566 29 196 50 208 1.453445 1.603852 3.198821 -73.06532 2.683274 91.13232 1.009759
Car 0 1 1.704969 34 196 55 208 1.493747 1.634919 3.68457 -75.53284 2.714575 95.09592 1.033726
Car 0 0 -2.163096 426 165 678 309 1.945312 1.892187 4.609375 -1.287487 1.62702 11.86614 -2.271174
Car 0 0 -1.935301 285 201 414 266 1.337052 1.655838 3.804953 -6.597568 1.706193 17.47513 -2.296297
