Car 0 0 2.092053 70 194 375 354 1.581004 1.67633 3.758134 -4.638007 1.681799 9.118637 1.621526
Car 0 1 1.881906 307 189 464 284 1.611007 1.743869 4.063929 -4.440208 1.651954 14.37241 1.582268
Car 0 0 -1.669376 717 178 778 227 1.773543 1.77327 5.095459 4.810802 1.42754 28.15842 -1.500162
Car 0 1 1.838964 410 195 507 254 1.392182 1.549477 3.649398 -4.186449 1.623184 19.22781 1.624581
Car 0 1 1.784975 461 190 537 240 1.464744 1.62806 3.922484 -3.933155 1.595195 23.93034 1.622073
Car 0 0 1.716374 583 186 615 208 1.465943 1.662682 3.757097 -1.485726 1.419478 50.61303 1.687028
Car 0 3 -1.630664 717 186 759 218 1.40595 1.662349 3.86098 5.488483 1.385802 34.17722 -1.471435
Car 0 2 -1.677638 712 182 749 212 1.590111 1.587046 3.339513 6.007476 1.348552 39.83315 -1.52795
Car 0 2 -1.603225 711 184 740 209 1.47251 1.60254 3.698168 6.476632 1.314754 44.97067 -1.46019
Car 0 1 1.711525 596 186 625 205 1.428983 1.675727 3.763085 -0.7830925 1.379245 56.25116 1.697604
Car 0 2 -1.595129 709 184 736 206 1.490678 1.638055 3.515222 7.03604 1.278093 50.37596 -1.456356
Car 0 1 1.711213 605 186 632 203 1.382725 1.677222 4.342848 -0.185976 1.342009 61.64561 1.708197
Car 0 2 -1.601068 707 183 731 204 1.499206 1.6414 4.137382 7.480946 1.244338 55.58531 -1.467287
Car 0 0 1.698751 630 184 649 198 1.453445 1.603852 3.198821 2.019587 1.225943 77.31924 1.724865
Car 0 3 -1.574916 707 183 729 202 1.507654 1.661433 3.500855 8.077864 1.20936 60.53323 -1.442254
Car 0 1 1.715213 635 184 655 197 1.493747 1.634919 3.68457 2.755461 1.190343 81.92978 1.748833
