Car 0.003613949 0 2.138385 0 193 349 374 1.581004 1.67633 3.758134 -4.660294 1.669759 8.160395 1.619496
Car 0 1 1.9021 279 188 453 291 1.611007 1.743869 4.063929 -4.473158 1.632918 13.41451 1.580238
Car 0 0 -1.674961 718 177 782 228 1.773543 1.77327 5.095459 4.750022 1.400772 27.21903 -1.50219
Car 0 1 1.850026 396 194 500 257 1.392182 1.549477 3.649398 -4.229252 1.597769 18.27037 1.622552
Car 0 1 1.791818 452 189 532 241 1.464744 1.62806 3.922484 -3.985502 1.56361 22.97337 1.620044
Car 0 0 1.717051 581 185 613 207 1.465943 1.662682 3.757097 -1.592206 1.354114 49.66072 1.685001
Car 0 3 -1.634969 718 185 762 218 1.40595 1.662349 3.86098 5.415497 1.351567 33.23913 -1.473462
Car 0 2 -1.681096 713 182 751 212 1.590111 1.587046 3.339513 5.923015 1.307157 38.89606 -1.529979
Car 0 2 -1.606141 711 183 742 209 1.47251 1.60254 3.698168 6.381747 1.266852 44.03447 -1.462217
Car 0 1 1.711869 594 185 623 205 1.428983 1.675727 3.763085 -0.9010067 1.306969 55.30022 1.695577
Car 0 2 -1.597647 710 183 736 205 1.490678 1.638055 3.515222 6.930191 1.223426 49.44083 -1.458383
Car 0 1 1.711357 603 185 631 202 1.382725 1.677222 4.342848 -0.3148327 1.263028 60.69582 1.70617
Car 0 2 -1.603263 707 182 731 203 1.499206 1.6414 4.137382 7.364527 1.183037 54.65103 -1.469315
Car 0 0 1.698504 629 184 648 198 1.453445 1.603852 3.198821 1.85894 1.128054 76.37374 1.722839
Car 0 3 -1.598688 710 182 730 198 1.490741 1.678634 3.801369 9.626942 1.045298 70.54433 -1.46306
Car 0 1 1.714893 634 183 654 197 1.493747 1.634919 3.68457 2.585466 1.086999 80.98572 1.746807
