Car 0.9911684 2 -2.580715 1113 223 1241 374 1.38182 1.727404 3.973109 3.56709 1.562107 2.092627 -1.540462
Car 0.003108442 0 -1.979763 834 189 1170 374 1.496754 1.620751 4.107733 3.697042 1.527111 7.866893 -1.540443
Car 0 0 1.879081 378 189 495 262 1.581004 1.67633 3.758134 -4.361598 1.645204 17.73264 1.637905
Car 0 1 1.774253 447 187 530 243 1.611007 1.743869 4.063929 -4.077775 1.609827 22.98243 1.59865
Car 0 0 -1.630131 707 178 751 215 1.773543 1.77327 5.095459 5.397014 1.330255 36.6146 -1.483784
Car 0 1 1.774692 491 191 552 231 1.392182 1.549477 3.649398 -3.744528 1.575615 27.83298 1.640959
Car 0 1 1.743024 517 188 569 224 1.464744 1.62806 3.922484 -3.414252 1.542319 32.5307 1.638452
Car 0 0 0.5237035 50 196 222 250 1.503748 1.873824 4.231641 -14.93445 1.845542 22.53628 -0.06153762
Car 0 0 1.712363 600 185 628 204 1.465943 1.662682 3.757097 -0.5302467 1.33179 59.16949 1.703402
Car 0 3 -1.598896 711 184 742 210 1.40595 1.662349 3.86098 6.173148 1.28008 42.62142 -1.45506
Car 0 3 -1.580381 709 183 733 204 1.47251 1.60254 3.698168 7.337897 1.194959 53.39715 -1.443815
Car 0 1 1.709894 611 185 636 202 1.428983 1.675727 3.763085 0.264595 1.283338 64.7953 1.713977
Car 0 3 -1.574984 708 182 730 201 1.490678 1.638055 3.515222 7.985731 1.15095 58.7925 -1.439982
Car 0 1 1.711034 618 185 642 200 1.382725 1.677222 4.342848 0.9499531 1.238587 70.1792 1.724569
Car 0 3 -1.583208 707 182 728 200 1.499206 1.6414 4.137382 8.515877 1.110552 63.99382 -1.450912
Car 0 0 1.7015 641 184 658 196 1.453445 1.603852 3.198821 3.411793 1.098498 85.81442 1.741236
Car 0 1 1.718528 646 183 663 195 1.493747 1.634919 3.68457 4.223034 1.055427 90.41223 1.765202
