Car 0.6609421 0 2.289381 0 197 232 374 1.611007 1.743869 4.063929 -4.728076 1.691699 5.26025 1.557212
Car 0 0 -1.738543 733 179 836 254 1.773543 1.77327 5.095459 4.175323 1.562212 19.27448 -1.525214
Car 0 0 2.025808 151 205 391 332 1.392182 1.549477 3.649398 -4.596026 1.679826 10.12055 1.599527
Car 0 1 1.889231 322 196 466 280 1.464744 1.62806 3.922484 -4.460613 1.668243 14.82802 1.597019
Car 0 0 1.726422 553 189 593 216 1.465943 1.662682 3.757097 -2.682291 1.591176 41.56411 1.661978
Car 0 2 -1.680181 727 191 789 234 1.40595 1.662349 3.86098 4.702047 1.543418 25.30847 -1.496486
Car 0 1 -1.715532 716 186 766 224 1.590111 1.587046 3.339513 5.079208 1.527079 30.97573 -1.553004
Car 0 2 -1.634157 711 188 750 219 1.47251 1.60254 3.698168 5.419535 1.512264 36.12347 -1.48524
Car 0 1 1.717445 570 189 605 212 1.428983 1.675727 3.763085 -2.121086 1.572808 47.21819 1.672554
Car 0 2 -1.621154 707 187 740 214 1.490678 1.638055 3.515222 5.843383 1.495938 41.54118 -1.481406
Car 0 1 1.714666 581 189 613 209 1.382725 1.677222 4.342848 -1.659266 1.556079 52.626 1.683147
Car 0 2 -1.623271 702 186 732 211 1.499206 1.6414 4.137382 6.157661 1.481261 46.76013 -1.492338
Car 0 0 1.697577 611 187 633 203 1.453445 1.603852 3.198821 0.1530724 1.502187 68.35029 1.699817
Car 0 3 -1.594804 701 186 727 208 1.507654 1.661433 3.500855 6.630472 1.465364 51.72155 -1.467304
Car 0 3 -1.585399 704 186 726 206 1.50907 1.610535 3.512901 7.408691 1.445024 57.16401 -1.456514
Car 0 3 -1.613827 703 186 725 204 1.490741 1.678634 3.801369 8.053663 1.425969 62.7018 -1.486083
Car 0 1 1.71319 618 187 639 202 1.493747 1.634919 3.68457 0.7732582 1.485356 72.97791 1.723785
Car 0 3 1.59497 571 186 587 199 1.60914 1.86729 3.690948 -5.245188 1.512983 91.50797 1.537714
