Car 0.5778972 0 1.947952 0 222 147 374 1.312963 1.610742 4.509785 -6.49016 1.791035 7.515491 1.235632
Car 0 1 1.812804 14 206 212 318 1.426602 1.740349 3.627708 -8.076402 1.793009 11.94981 1.218463
Car 0 0 -1.694447 472 188 531 228 1.38182 1.727404 3.973109 -4.687998 1.469687 28.21475 -1.859097
Car 0 1 -2.886171 655 171 755 217 1.739288 1.579136 3.899857 3.447494 1.162304 29.44742 -2.769629
Car 0 1 -1.672373 461 186 508 221 1.496754 1.620751 4.107733 -6.373493 1.461709 33.73918 -1.859077
Car 0 0 1.718294 291 190 336 220 1.581004 1.67633 3.758134 -17.11308 1.762434 40.58458 1.319252
Car 0 2 -2.824345 598 179 689 212 1.488714 1.52631 4.377771 1.121483 1.170709 35.50522 -2.792769
Car 0 1 1.664757 307 189 345 216 1.611007 1.743869 4.063929 -18.48823 1.74889 45.65911 1.280018
Car 0 2 -2.868256 632 177 725 214 1.549682 1.800742 3.980218 2.614435 1.154443 32.4938 -2.787969
Car 0 0 -1.582501 447 182 471 204 1.773543 1.77327 5.095459 -13.76543 1.382013 61.57283 -1.802448
Car 0 2 1.694973 321 191 353 213 1.392182 1.549477 3.649398 -19.6914 1.733681 50.36998 1.322305
Car 0 1 1.682537 330 190 360 211 1.464744 1.62806 3.922484 -20.84952 1.718666 54.93476 1.319799
Car 0 1 0.2202402 76 197 168 227 1.503748 1.873824 4.231641 -28.65333 2.161274 41.83514 -0.3802867
Car 0 0 1.699924 374 188 395 201 1.465943 1.662682 3.757097 -26.45696 1.595133 81.13644 1.384715
Car 0 3 -1.556397 450 186 470 202 1.40595 1.662349 3.86098 -14.91044 1.349381 67.52049 -1.773737
Car 0 1 1.701972 381 187 401 200 1.428983 1.675727 3.763085 -27.46486 1.561992 86.72814 1.395285
Car 0 1 1.706117 387 188 406 199 1.382725 1.677222 4.342848 -28.5009 1.533135 92.05578 1.405872
Car 0 0 1.703384 404 186 419 197 1.453445 1.603852 3.198821 -31.06207 1.431431 107.6753 1.422531
Car 0 3 -1.524305 459 184 474 196 1.50907 1.610535 3.512901 -21.0266 1.179915 98.90002 -1.733791
Car 0 2 -1.556371 462 184 475 195 1.490741 1.678634 3.801369 -21.92215 1.143843 104.4028 -1.763341
Car 0 1 1.721882 408 186 423 196 1.493747 1.634919 3.68457 -31.73238 1.39821 112.2959 1.446484
Car 0 3 -1.52875 466 184 478 194 1.492202 1.606235 3.54776 -22.52557 1.097973 109.8497 -1.731005
Car 0.09730971 0 -2.289387 734 111 1241 374 1.945312 1.892187 4.609375 2.881091 1.470077 6.264481 -1.858323
Car 0 0 -1.903212 565 193 719 281 1.337052 1.655838 3.804953 0.267735 1.473785 13.5332 -1.883431
