Car 0.196622 0 2.086143 0 215 256 374 1.426602 1.740349 3.627708 -5.378262 1.786865 7.475782 1.462499
Car 0 0 -1.696957 646 191 720 242 1.38182 1.727404 3.973109 1.84233 1.539521 22.44028 -1.615041
Car 0 1 -2.959476 885 171 1030 233 1.739288 1.579136 3.899857 10.03702 1.304631 21.67088 -2.525734
Car 0 1 -1.669622 635 187 689 230 1.496754 1.620751 4.107733 1.541687 1.533324 28.20828 -1.615022
Car 0 0 1.753999 456 190 503 223 1.581004 1.67633 3.758134 -7.228009 1.762979 37.44561 1.563318
Car 0 1 -2.866558 800 181 920 222 1.488714 1.52631 4.377771 9.243592 1.310943 28.1112 -2.548873
Car 0 1 1.69421 475 189 515 218 1.611007 1.743869 4.063929 -7.336164 1.752538 42.70206 1.524072
Car 0 2 -2.925742 848 178 976 227 1.549682 1.800742 3.980218 9.964798 1.298569 24.82828 -2.544074
Car 0 0 -1.577578 622 183 647 206 1.773543 1.77327 5.095459 1.094759 1.471921 57.00334 -1.558376
Car 0 1 1.720002 491 192 524 214 1.392182 1.549477 3.649398 -7.365299 1.740831 47.56407 1.566372
Car 0 1 1.704232 502 190 533 212 1.464744 1.62806 3.922484 -7.386009 1.729274 52.27344 1.563865
Car 0 0 0.276061 260 196 344 225 1.503748 1.873824 4.231641 -18.12729 2.067706 41.44727 -0.13623
Car 0 0 1.710779 551 188 571 202 1.465943 1.662682 3.757097 -6.495298 1.634405 79.05373 1.6288
Car 0 3 -1.552191 626 187 647 204 1.40595 1.662349 3.86098 1.421045 1.446878 63.05146 -1.529657
Car 0 1 1.711507 559 188 578 201 1.428983 1.675727 3.763085 -6.121973 1.60898 84.7233 1.639374
Car 0 3 -1.540089 631 186 648 200 1.490678 1.638055 3.515222 2.023415 1.387494 79.31306 -1.514583
Car 0 1 1.714656 564 188 583 200 1.382725 1.677222 4.342848 -5.839777 1.586833 90.14343 1.649963
Car 0 0 1.709559 582 187 597 197 1.453445 1.603852 3.198821 -4.550167 1.508837 105.9191 1.666626
Car 0 3 -1.522006 637 185 651 197 1.50907 1.610535 3.512901 3.069584 1.316818 94.97914 -1.489699
Car 0 2 -1.55436 640 185 653 196 1.490741 1.678634 3.801369 3.530457 1.289155 100.5352 -1.519258
Car 0 1 1.727507 587 186 601 197 1.493747 1.634919 3.68457 -4.083897 1.483369 110.5647 1.690587
Car 0 3 -1.527105 644 185 656 195 1.492202 1.606235 3.54776 4.261414 1.254007 105.9666 -1.486912
Car 0.009664476 0 -2.056922 795 204 1182 374 1.337052 1.655838 3.804953 3.103733 1.542922 6.996313 -1.639383
