Car 0.6871731 0 2.354206 0 194 222 374 1.581004 1.67633 3.758134 -4.725293 1.647396 5.150106 1.611799
Car 0 0 1.987068 150 185 405 325 1.611007 1.743869 4.063929 -4.578619 1.584559 10.40526 1.572537
Car 0 0 -1.694677 723 173 797 231 1.773543 1.77327 5.095459 4.538401 1.313343 24.27942 -1.509886
Car 0 1 1.893842 340 192 471 270 1.392182 1.549477 3.649398 -4.372108 1.525623 15.26263 1.614854
Car 0 1 1.81797 417 187 513 246 1.464744 1.62806 3.922484 -4.164574 1.468451 19.96713 1.612347
Car 0 0 1.71964 572 181 607 205 1.465943 1.662682 3.757097 -1.976773 1.13175 46.67082 1.67731
Car 0 3 -1.649732 721 183 770 219 1.40595 1.662349 3.86098 5.157521 1.235864 30.30416 -1.481155
Car 0 2 -1.692729 714 178 756 212 1.590111 1.587046 3.339513 5.621479 1.164491 35.96455 -1.537678
Car 0 2 -1.615817 712 180 744 207 1.47251 1.60254 3.698168 6.040647 1.099687 41.10609 -1.469908
Car 0 1 1.713285 586 181 618 202 1.428983 1.675727 3.763085 -1.328997 1.058345 52.31519 1.687887
Car 0 2 -1.605912 709 180 738 204 1.490678 1.638055 3.515222 6.547463 1.030704 46.51625 -1.466074
Car 0 1 1.712071 596 182 625 200 1.382725 1.677222 4.342848 -0.7843685 0.9890277 57.71488 1.698481
Car 0 2 -1.610402 705 179 732 201 1.499206 1.6414 4.137382 6.941677 0.9653698 51.72938 -1.477007
Car 0 0 1.697871 623 180 643 195 1.453445 1.603852 3.198821 1.268702 0.7818953 73.40827 1.715152
Car 0 3 -1.604221 708 179 729 195 1.490741 1.678634 3.801369 9.081726 0.7546773 67.63883 -1.470751
Car 0 1 1.714011 629 179 649 194 1.493747 1.634919 3.68457 1.959721 0.7199048 78.02547 1.739122
Car 0 3 1.592068 585 179 600 191 1.60914 1.86729 3.690948 -3.774004 0.5727137 96.64502 1.553037
