Car 0.4759614 0 -2.188411 887 156 1241 374 1.773543 1.77327 5.095459 3.686373 1.58389 5.109765 -1.563442
Car 0 0 1.770815 478 192 544 234 1.465943 1.662682 3.757097 -4.017647 1.662544 27.12107 1.623747
Car 0 1 -1.877465 797 196 993 309 1.40595 1.662349 3.86098 3.982088 1.568231 11.15949 -1.534715
Car 0 0 -1.832467 750 186 858 261 1.590111 1.587046 3.339513 4.142374 1.555347 16.83703 -1.59123
Car 0 1 -1.715916 728 189 801 242 1.47251 1.60254 3.698168 4.285708 1.543679 21.99404 -1.52347
Car 0 1 1.745865 512 191 564 225 1.428983 1.675727 3.763085 -3.672958 1.646822 32.79248 1.634324
Car 0 1 -1.682354 714 188 769 230 1.490678 1.638055 3.515222 4.502181 1.530381 27.42399 -1.519636
Car 0 1 1.734126 532 191 578 220 1.382725 1.677222 4.342848 -3.418167 1.632948 38.21399 1.644916
Car 0 1 -1.671033 701 187 748 223 1.499206 1.6414 4.137382 4.616767 1.519028 32.65115 -1.530568
Car 0 0 1.702456 577 188 605 209 1.453445 1.603852 3.198821 -2.208172 1.585324 53.99608 1.661584
Car 0 2 -1.635021 697 187 735 217 1.507654 1.661433 3.500855 4.8996 1.505537 37.62701 -1.505535
Car 0 3 -1.62098 698 186 729 213 1.50907 1.610535 3.512901 5.469217 1.486714 43.09525 -1.494745
Car 0 2 -1.64503 694 186 725 209 1.490741 1.678634 3.801369 5.902052 1.469838 48.65366 -1.524313
Car 0 1 1.715644 585 188 612 207 1.493747 1.634919 3.68457 -1.765324 1.569963 58.64404 1.685551
Car 0 3 -1.613483 697 186 722 207 1.492202 1.606235 3.54776 6.605682 1.449005 54.08874 -1.491958
