Car 0 0 1.806893 430 190 516 244 1.465943 1.662682 3.757097 -4.336345 1.570716 21.8231 1.610744
Car 0.2040424 0 -2.123084 902 197 1241 374 1.40595 1.662349 3.86098 3.869527 1.526213 5.966288 -1.547718
Car 0 0 -1.931705 789 181 968 295 1.590111 1.587046 3.339513 3.955977 1.480871 11.64527 -1.60423
Car 0 1 -1.771984 747 185 853 257 1.47251 1.60254 3.698168 4.032245 1.439733 16.80355 -1.536473
Car 0 1 1.7681 479 189 544 230 1.428983 1.675727 3.763085 -4.065444 1.521668 27.49832 1.621319
Car 0 1 -1.718374 723 184 796 237 1.490678 1.638055 3.515222 4.178092 1.395083 22.2357 -1.53264
Car 0 1 1.749258 506 188 561 222 1.382725 1.677222 4.342848 -3.881177 1.476301 32.92252 1.631911
Car 0 1 -1.696203 705 183 764 226 1.499206 1.6414 4.137382 4.224706 1.35401 27.46375 -1.543571
Car 0 0 1.707555 562 185 593 207 1.453445 1.603852 3.198821 -2.876553 1.334706 48.71845 1.648579
Car 0 2 -1.654636 698 182 744 218 1.507654 1.661433 3.500855 4.442802 1.311375 32.44271 -1.518539
Car 0 2 -1.637335 698 182 735 212 1.50907 1.610535 3.512901 4.941236 1.259254 37.91767 -1.50775
Car 0 1 -1.658649 692 182 727 208 1.490741 1.678634 3.801369 5.301736 1.209249 43.48105 -1.537316
Car 0 1 1.719244 571 184 602 205 1.493747 1.634919 3.68457 -2.494205 1.291245 53.37159 1.672545
Car 0 3 -1.625674 695 182 723 205 1.492202 1.606235 3.54776 5.934591 1.154647 48.92459 -1.504963
Car 0 3 1.617811 514 183 536 200 1.60914 1.86729 3.690948 -9.452621 1.292511 71.56955 1.486495
