Car 0 0 -1.74067 719 191 826 260 1.38182 1.727404 3.973109 3.387268 1.497843 16.80925 -1.541821
Car 0.1320548 0 -3.092879 1054 166 1241 255 1.739288 1.579136 3.899857 11.50501 1.317757 15.44176 -2.452548
Car 0 1 -1.695963 701 186 772 239 1.496754 1.620751 4.107733 3.50938 1.469304 22.58372 -1.541801
Car 0 0 1.776276 489 187 545 225 1.581004 1.67633 3.758134 -4.56238 1.610506 32.43843 1.636545
Car 0 1 -2.947448 912 179 1074 233 1.488714 1.52631 4.377771 11.18476 1.296215 21.92283 -2.475684
Car 0 1 1.710519 514 186 560 219 1.611007 1.743869 4.063929 -4.28569 1.580758 37.68864 1.597292
Car 0 1 -3.031088 986 176 1168 242 1.549682 1.800742 3.980218 11.66396 1.300053 18.59594 -2.470885
Car 0 0 -1.585525 680 180 708 206 1.773543 1.77327 5.095459 5.170283 1.303066 51.3339 -1.485145
Car 0 1 1.732399 534 189 571 215 1.392182 1.549477 3.649398 -3.959038 1.551644 42.53968 1.6396
Car 0 1 1.713895 547 187 581 211 1.464744 1.62806 3.922484 -3.635148 1.523275 47.23787 1.637092
Car 0 0 0.3233757 278 192 371 224 1.503748 1.873824 4.231641 -15.1414 1.831789 37.22755 -0.0629152
Car 0 0 1.712697 602 185 624 200 1.465943 1.662682 3.757097 -0.787384 1.339209 73.88075 1.702039
Car 0 3 -1.559612 684 185 707 203 1.40595 1.662349 3.86098 5.93824 1.258674 57.34182 -1.456421
Car 0 1 1.712617 610 185 631 199 1.428983 1.675727 3.763085 -0.0002059937 1.296075 79.50769 1.712615
Car 0 1 1.715222 616 185 636 198 1.382725 1.677222 4.342848 0.677824 1.256523 84.89256 1.723206
Car 0 0 1.708864 636 184 651 195 1.453445 1.603852 3.198821 3.118364 1.130844 100.5312 1.739873
Car 0 3 -1.527364 694 183 709 195 1.50907 1.610535 3.512901 9.91851 1.026 89.06271 -1.416455
Car 0 2 -1.559569 696 183 710 194 1.490741 1.678634 3.801369 10.78471 0.9815862 94.57008 -1.44602
Car 0 1 1.726536 640 184 656 194 1.493747 1.634919 3.68457 3.92334 1.091884 105.1302 1.763837
Car 0 2 -1.5323 701 182 714 194 1.492202 1.606235 3.54776 11.9112 0.9318452 99.93331 -1.413668
