Car 0 0 -1.904575 786 164 1052 328 1.773543 1.77327 5.095459 3.778683 1.491758 10.23212 -1.550814
Car 0.5898607 0 2.276669 0 209 240 374 1.464744 1.62806 3.922484 -4.739505 1.697463 5.567389 1.571422
Car 0 0 1.748649 511 186 564 222 1.465943 1.662682 3.757097 -3.646211 1.45506 32.33925 1.636374
Car 0 1 -1.771768 755 187 868 260 1.40595 1.662349 3.86098 4.150746 1.434565 16.27738 -1.522088
Car 0 1 -1.775657 730 180 807 237 1.590111 1.587046 3.339513 4.382702 1.383178 21.95223 -1.578601
Car 0 1 -1.678623 717 183 773 226 1.47251 1.60254 3.698168 4.591133 1.336547 27.10681 -1.510843
Car 0 1 1.731733 536 186 580 215 1.428983 1.675727 3.763085 -3.229959 1.400126 38.00561 1.64695
Car 0 1 -1.655783 708 182 753 217 1.490678 1.638055 3.515222 4.876141 1.286168 32.53339 -1.507009
Car 0 1 1.724382 551 186 591 211 1.382725 1.677222 4.342848 -2.906745 1.349071 43.42326 1.657542
Car 0 1 -1.651071 699 182 739 212 1.499206 1.6414 4.137382 5.056716 1.239502 37.75848 -1.517941
Car 0 0 1.699508 590 183 615 202 1.453445 1.603852 3.198821 -1.497644 1.191307 59.1881 1.67421
Car 0 3 -1.61867 697 181 729 208 1.507654 1.661433 3.500855 5.40234 1.191688 42.73018 -1.492908
Car 0 3 -1.606823 698 181 726 205 1.50907 1.610535 3.512901 6.040923 1.13409 48.19051 -1.482119
Car 0 2 -1.632852 696 181 723 202 1.490741 1.678634 3.801369 6.543879 1.078395 53.74276 -1.511686
Car 0 1 1.713783 597 183 622 200 1.493747 1.634919 3.68457 -0.99617 1.143156 63.82987 1.698177
