Car 0.562482 0 1.909485 0 219 134 374 1.312963 1.610742 4.509785 -6.825144 1.778127 7.880097 1.195704
Car 0 1 1.79002 1 204 191 314 1.426602 1.740349 3.627708 -8.587123 1.77529 12.24756 1.178537
Car 0.9088103 0 1.193453 1200 162 1241 253 1.516165 1.552475 3.912388 10.92625 1.07975 11.54191 1.951456
Car 0 2 1.434729 1046 159 1206 257 1.615665 1.839667 4.097933 9.361165 1.102641 13.75526 2.032283
Car 0 0 -1.697468 444 187 503 227 1.38182 1.727404 3.973109 -5.85093 1.426318 28.63432 -1.899026
Car 0 1 -2.883194 625 171 722 215 1.739288 1.579136 3.899857 2.228619 1.11014 30.1903 -2.809509
Car 0 1 -1.675292 433 185 480 219 1.496754 1.620751 4.107733 -7.75561 1.412093 34.08705 -1.899007
Car 0 0 1.713109 261 189 306 219 1.581004 1.67633 3.758134 -18.75963 1.7126 40.49874 1.27932
Car 0 2 -2.823317 569 178 658 211 1.488714 1.52631 4.377771 -0.3373413 1.112112 36.15043 -2.832648
Car 0 2 1.660286 276 188 315 215 1.611007 1.743869 4.063929 -20.33626 1.693169 45.51431 1.240088
Car 0 2 -2.86622 602 176 693 212 1.549682 1.800742 3.980218 1.274616 1.098751 33.20098 -2.827848
Car 0 0 -1.584428 418 181 442 203 1.773543 1.77327 5.095459 -16.25275 1.299971 61.60332 -1.84238
Car 0 2 1.691025 290 190 322 212 1.392182 1.549477 3.649398 -21.72653 1.672431 50.17337 1.282373
Car 0 1 1.679 299 189 330 210 1.464744 1.62806 3.922484 -23.06595 1.65205 54.68826 1.279868
Car 0 1 0.2135522 38 196 133 227 1.503748 1.873824 4.231641 -30.34028 2.11973 41.28823 -0.4201762
Car 0 0 1.697811 343 187 364 201 1.465943 1.662682 3.757097 -29.71491 1.496817 80.64503 1.344781
Car 0 3 -1.558135 421 185 441 201 1.40595 1.662349 3.86098 -17.63429 1.260032 67.50049 -1.813671
Car 0 3 -1.614977 422 183 441 199 1.590111 1.587046 3.339513 -19.04347 1.227119 73.00262 -1.87015
Car 0 1 1.700045 350 187 370 199 1.428983 1.675727 3.763085 -30.94524 1.456747 86.19198 1.355351
Car 0 1 1.704337 356 187 375 198 1.382725 1.677222 4.342848 -32.19314 1.421354 91.47398 1.365937
Car 0 0 1.701957 373 185 388 196 1.453445 1.603852 3.198821 -35.37584 1.300074 106.9787 1.382595
Car 0 3 -1.52545 430 183 444 195 1.50907 1.610535 3.512901 -24.99828 1.052081 98.6106 -1.773725
Car 0 2 -1.557441 432 183 445 194 1.490741 1.678634 3.801369 -26.11281 1.009107 104.0732 -1.803275
Car 0 1 1.720539 378 185 393 195 1.493747 1.634919 3.68457 -36.23006 1.260985 111.5687 1.406549
Car 0 3 -1.529744 436 183 449 193 1.492202 1.606235 3.54776 -26.93321 0.9561582 109.4916 -1.770939
Car 0.01297349 0 -2.252249 695 119 1201 374 1.945312 1.892187 4.609375 2.588311 1.450766 7.003687 -1.898253
Car 0 0 -1.901255 538 191 684 275 1.337052 1.655838 3.804953 -0.3131042 1.446601 14.1623 -1.923359
