Car 0.9103935 0 2.193558 0 242 133 374 1.312963 1.610742 4.509785 -5.373047 1.85476 5.11165 1.383233
Car 0 1 1.939892 0 217 261 362 1.426602 1.740349 3.627708 -6.289869 1.897059 9.730848 1.366062
Car 0 0 -1.68994 574 196 639 241 1.38182 1.727404 3.973109 -0.5457439 1.721699 25.32279 -1.711489
Car 0 1 -2.916569 781 176 900 229 1.739288 1.579136 3.899857 7.682974 1.42557 25.3482 -2.622273
Car 0 1 -1.666376 565 193 614 231 1.496754 1.620751 4.107733 -1.400406 1.763962 31.03488 -1.711469
Car 0 0 1.739631 394 196 439 228 1.581004 1.67633 3.758134 -11.01682 2.126897 39.38242 1.466864
Car 0 1 -2.840896 713 185 816 222 1.488714 1.52631 4.377771 6.273187 1.489065 31.68191 -2.645419
Car 0 1 1.6827 411 195 450 224 1.611007 1.743869 4.063929 -11.63067 2.159503 44.60394 1.427625
Car 0 2 -2.891735 752 183 861 225 1.549682 1.800742 3.980218 7.307028 1.445414 28.48392 -2.640619
Car 0 0 -1.577569 553 188 577 211 1.773543 1.77327 5.095459 -4.618259 1.9374 59.65261 -1.654834
Car 0 1 1.71047 426 198 458 220 1.392182 1.549477 3.649398 -12.1279 2.187138 49.44048 1.469917
Car 0 1 1.696164 436 196 466 218 1.464744 1.62806 3.922484 -12.60204 2.213637 54.1259 1.467411
Car 0 1 0.2510953 195 203 280 233 1.503748 1.873824 4.231641 -22.24818 2.537053 42.31307 -0.232978
Car 0 0 1.707293 482 194 503 208 1.465943 1.662682 3.757097 -14.29478 2.328403 80.86742 1.532332
Car 0 3 -1.552046 556 192 577 209 1.40595 1.662349 3.86098 -4.876036 1.958861 65.70406 -1.626122
Car 0 3 -1.609397 558 191 577 207 1.590111 1.587046 3.339513 -5.234636 1.983181 71.37249 -1.682608
Car 0 1 1.708555 490 194 509 207 1.428983 1.675727 3.763085 -14.46928 2.346118 86.54659 1.542903
Car 0 3 -1.539874 561 191 577 205 1.490678 1.638055 3.515222 -5.842688 2.026359 81.94804 -1.611051
Car 0 1 1.712096 495 194 514 206 1.382725 1.677222 4.342848 -14.71045 2.365716 91.96873 1.553489
Car 0 0 1.707926 513 193 527 203 1.453445 1.603852 3.198821 -14.94643 2.406073 107.7954 1.570149
Car 0 3 -1.521635 567 191 581 202 1.50907 1.610535 3.512901 -6.31036 2.074789 97.64211 -1.586173
Car 0 2 -1.553926 569 191 582 202 1.490741 1.678634 3.801369 -6.386826 2.088765 103.2168 -1.615725
Car 0 1 1.726083 517 192 532 202 1.493747 1.634919 3.68457 -14.92984 2.414876 112.4644 1.594103
Car 0 3 -1.526568 573 190 586 201 1.492202 1.606235 3.54776 -6.18251 2.092437 108.6935 -1.583387
Car 0.9602 1 -2.6891 1002 104 1241 374 1.945312 1.892187 4.609375 3.712729 1.52247 2.498866 -1.710715
Car 0 0 -1.950563 684 203 907 329 1.337052 1.655838 3.804953 2.196824 1.592281 10.07258 -1.735826
