Car 0 0 1.869178 349 192 474 267 1.465943 1.662682 3.757097 -4.589289 1.604984 16.43946 1.596946
Car 0.1138897 0 -2.160414 890 184 1241 374 1.590111 1.587046 3.339513 3.843502 1.550308 6.37746 -1.618034
Car 0 0 -1.872267 787 189 965 300 1.47251 1.60254 3.698168 3.848579 1.514948 11.53634 -1.550272
Car 0 1 1.803749 431 191 516 243 1.428983 1.675727 3.763085 -4.396713 1.563324 22.11794 1.607522
Car 0 1 -1.773421 741 186 845 257 1.490678 1.638055 3.515222 3.919456 1.476744 16.97003 -1.546438
Car 0 1 1.772527 471 190 539 231 1.382725 1.677222 4.342848 -4.287306 1.524607 27.54422 1.618115
Car 0 1 -1.731018 713 185 790 239 1.499206 1.6414 4.137382 3.893916 1.441358 22.19827 -1.55737
Car 0 0 1.715358 544 186 579 211 1.453445 1.603852 3.198821 -3.500687 1.404959 43.35268 1.634784
Car 0 2 -1.680014 702 184 759 227 1.507654 1.661433 3.500855 4.043298 1.405097 27.17982 -1.532336
Car 0 2 -1.657446 699 184 743 219 1.50907 1.610535 3.512901 4.466171 1.361412 32.66121 -1.521546
Car 0 1 -1.674729 692 183 732 213 1.490741 1.678634 3.801369 4.74989 1.319174 38.22909 -1.551115
Car 0 1 1.724944 555 185 589 208 1.493747 1.634919 3.68457 -3.182557 1.36844 48.01072 1.658752
Car 0 3 -1.639675 694 183 726 209 1.492202 1.606235 3.54776 5.307617 1.273716 43.68093 -1.518759
