Car 0.09951556 0 2.150829 0 205 311 374 1.428983 1.675727 3.763085 -4.792884 1.652827 7.392837 1.575639
Car 0.9873225 2 -2.550452 1111 206 1241 374 1.490678 1.638055 3.515222 3.683354 1.583385 2.512713 -1.578321
Car 0 0 1.948355 233 198 428 297 1.382725 1.677222 4.342848 -4.856511 1.610739 12.81983 1.586232
Car 0.002907515 0 -2.013107 815 190 1167 374 1.499206 1.6414 4.137382 3.49116 1.544534 7.737456 -1.589253
Car 0 0 1.76125 475 187 532 227 1.453445 1.603852 3.198821 -4.574222 1.482044 28.64526 1.602902
Car 0 1 -1.831367 753 187 905 287 1.507654 1.661433 3.500855 3.481665 1.505259 12.72121 -1.564219
Car 0 1 -1.75541 727 185 820 251 1.50907 1.610535 3.512901 3.729596 1.458686 18.21327 -1.553429
Car 0 1 -1.742871 704 184 777 234 1.490741 1.678634 3.801369 3.835681 1.413272 23.78734 -1.582998
Car 0 1 1.758338 498 186 549 220 1.493747 1.634919 3.68457 -4.404737 1.443002 33.31105 1.62687
Car 0 3 -1.693884 701 184 753 223 1.492202 1.606235 3.54776 4.219342 1.365168 29.25416 -1.550641
Car 0 3 1.674617 431 184 464 207 1.60914 1.86729 3.690948 -12.18781 1.401001 51.17183 1.440799
