Car 0.6447247 0 2.296908 0 211 224 374 1.428983 1.675727 3.763085 -4.806337 1.673672 5.420074 1.571453
Car 0 0 2.005795 143 200 396 323 1.382725 1.677222 4.342848 -4.89268 1.620988 10.84666 1.582045
Car 0.2216944 0 -2.13341 862 190 1241 374 1.499206 1.6414 4.137382 3.475787 1.536552 5.798873 -1.593439
Car 0 0 1.772284 461 187 523 229 1.453445 1.603852 3.198821 -4.676656 1.459809 26.67284 1.598714
Car 0 1 -1.877691 771 185 962 307 1.507654 1.661433 3.500855 3.445429 1.487381 10.78246 -1.568406
Car 0 1 -1.779421 736 183 843 259 1.50907 1.610535 3.512901 3.670354 1.429025 16.2754 -1.557616
Car 0 1 -1.757293 708 183 789 237 1.490741 1.678634 3.801369 3.753098 1.372146 21.84976 -1.587184
Car 0 1 1.766133 487 185 542 222 1.493747 1.634919 3.68457 -4.526713 1.410896 31.3392 1.622682
Car 0 2 -1.704296 703 182 760 224 1.492202 1.606235 3.54776 4.113853 1.311849 27.31801 -1.554828
Car 0 3 1.683361 420 183 455 208 1.60914 1.86729 3.690948 -12.3841 1.359752 49.16738 1.436617
