Car 0 0 1.816325 418 190 510 247 1.465943 1.662682 3.757097 -4.390596 1.570512 20.79055 1.6082
Car 0.514469 0 -2.21157 943 200 1241 374 1.40595 1.662349 3.86098 3.855806 1.538595 4.95475 -1.550262
Car 0 0 -1.960597 801 181 1004 308 1.590111 1.587046 3.339513 3.927809 1.49274 10.63393 -1.606775
Car 0 1 -1.786548 753 186 867 263 1.47251 1.60254 3.698168 3.990954 1.451131 15.79238 -1.539017
Car 0 1 1.773727 471 189 539 232 1.428983 1.675727 3.763085 -4.134129 1.521192 26.46644 1.618776
Car 0 1 -1.727046 726 184 803 240 1.490678 1.638055 3.515222 4.122983 1.406072 21.22488 -1.535183
Car 0 1 1.753022 500 188 557 223 1.382725 1.677222 4.342848 -3.963657 1.475468 31.89109 1.629368
Car 0 1 -1.70196 706 183 768 228 1.499206 1.6414 4.137382 4.156296 1.364482 26.45303 -1.546114
Car 0 0 1.708844 559 185 591 208 1.453445 1.603852 3.198821 -2.999201 1.333452 47.68951 1.646037
Car 0 2 -1.658966 699 182 746 219 1.507654 1.661433 3.500855 4.36173 1.321584 31.43253 -1.521082
Car 0 2 -1.640849 698 182 736 213 1.50907 1.610535 3.512901 4.846245 1.269516 36.90874 -1.510293
Car 0 1 -1.661512 692 182 728 209 1.490741 1.678634 3.801369 5.192597 1.219371 42.47301 -1.53986
Car 0 1 1.720181 568 184 599 205 1.493747 1.634919 3.68457 -2.628685 1.28998 52.34362 1.670003
Car 0 3 -1.628198 695 182 724 205 1.492202 1.606235 3.54776 5.811617 1.165002 47.91814 -1.507505
Car 0 3 1.619708 510 183 533 200 1.60914 1.86729 3.690948 -9.633558 1.280046 70.52374 1.483948
