Car 0.03512692 0 2.120066 0 202 329 374 1.465943 1.662682 3.757097 -4.774529 1.670869 7.933967 1.578336
Car 0.9528652 1 -2.435399 1048 198 1241 374 1.47251 1.60254 3.698168 3.752322 1.545716 3.188078 -1.568881
Car 0 0 1.920503 277 195 442 287 1.428983 1.675727 3.763085 -4.687656 1.615726 13.61493 1.588912
Car 0 0 -1.972573 823 187 1096 345 1.490678 1.638055 3.515222 3.722081 1.495227 8.622047 -1.565047
Car 0 1 1.84046 381 192 492 255 1.382725 1.677222 4.342848 -4.679238 1.56453 19.0422 1.599504
Car 0 0 -1.83025 746 184 893 277 1.499206 1.6414 4.137382 3.599274 1.448529 13.84882 -1.575978
Car 0 0 1.7357 510 186 555 218 1.453445 1.603852 3.198821 -4.186955 1.405987 34.86223 1.616172
Car 0 1 -1.742693 720 183 810 247 1.507654 1.661433 3.500855 3.65593 1.400547 18.83219 -1.550946
Car 0 1 -1.702236 709 182 773 230 1.50907 1.610535 3.512901 3.976707 1.342559 24.32036 -1.540157
Car 0 1 -1.707894 696 182 751 221 1.490741 1.678634 3.801369 4.156755 1.286585 29.89244 -1.569723
Car 0 1 1.739884 526 184 568 213 1.493747 1.634919 3.68457 -3.955577 1.357537 39.52526 1.640139
Car 0 3 -1.667115 696 181 737 214 1.492202 1.606235 3.54776 4.612899 1.226157 35.35357 -1.537369
Car 0 3 1.651522 461 183 490 204 1.60914 1.86729 3.690948 -11.5 1.338861 57.48819 1.454087
