Car 0.3078552 0 2.216736 0 207 273 374 1.428983 1.675727 3.763085 -4.800755 1.657948 6.40452 1.573498
Car 0 0 1.975008 192 198 413 308 1.382725 1.677222 4.342848 -4.875999 1.606231 11.83128 1.584091
Car 0.07642847 0 -2.066684 836 189 1241 374 1.499206 1.6414 4.137382 3.482322 1.533608 6.766529 -1.591394
Car 0 0 1.766546 468 186 528 227 1.453445 1.603852 3.198821 -4.627599 1.448586 27.65702 1.60076
Car 0 1 -1.852899 761 185 931 295 1.507654 1.661433 3.500855 3.462158 1.485399 11.75018 -1.56636
Car 0 1 -1.766856 731 183 831 254 1.50907 1.610535 3.512901 3.698324 1.4285 17.24266 -1.55557
Car 0 1 -1.749847 706 183 783 235 1.490741 1.678634 3.801369 3.792472 1.372877 22.81685 -1.585139
Car 0 1 1.762091 492 185 546 220 1.493747 1.634919 3.68457 -4.468108 1.400848 32.32307 1.624729
Car 0 2 -1.698966 702 182 756 223 1.492202 1.606235 3.54776 4.164418 1.31424 28.28438 -1.552782
Car 0 3 1.678894 425 183 460 207 1.60914 1.86729 3.690948 -12.2892 1.341262 50.16719 1.43866
