Car 0.1959479 0 2.181146 0 205 294 374 1.465943 1.662682 3.757097 -4.785085 1.68695 6.919641 1.576133
Car 0.9954625 2 -2.613029 1156 207 1241 374 1.47251 1.60254 3.698168 3.752252 1.558651 2.192724 -1.571084
Car 0 0 1.944464 244 197 428 298 1.428983 1.675727 3.763085 -4.710731 1.638481 12.60084 1.586709
Car 0 0 -2.020005 843 188 1174 374 1.490678 1.638055 3.515222 3.710037 1.514514 7.626668 -1.567251
Car 0 1 1.853068 364 194 484 260 1.382725 1.677222 4.342848 -4.714273 1.593641 18.02818 1.5973
Car 0 0 -1.849517 753 185 916 287 1.499206 1.6414 4.137382 3.57571 1.4739 12.85321 -1.578182
Car 0 0 1.73907 505 187 552 220 1.453445 1.603852 3.198821 -4.256853 1.453753 33.84942 1.613968
Car 0 1 -1.753457 724 184 821 252 1.507654 1.661433 3.500855 3.621385 1.431767 17.83674 -1.55315
Car 0 1 -1.70928 711 183 779 234 1.50907 1.610535 3.512901 3.930068 1.380294 23.32568 -1.542361
Car 0 1 -1.71279 697 183 754 223 1.490741 1.678634 3.801369 4.097836 1.330892 28.8982 -1.571927
Car 0 1 1.742343 522 185 566 215 1.493747 1.634919 3.68457 -4.035749 1.410828 38.51302 1.637934
Car 0 3 -1.670997 696 182 739 215 1.492202 1.606235 3.54776 4.541946 1.276985 34.36039 -1.539573
Car 0 3 1.654857 456 184 486 206 1.60914 1.86729 3.690948 -11.61978 1.411045 56.45927 1.451883
