Car 0.8170975 0 2.356877 0 212 186 374 1.465943 1.662682 3.757097 -4.802477 1.690301 4.803912 1.571628
Car 0 0 2.007851 150 200 392 326 1.428983 1.675727 3.763085 -4.753714 1.651004 10.48546 1.582204
Car 0.282622 0 -2.158536 905 194 1241 374 1.490678 1.638055 3.515222 3.690026 1.556721 5.549727 -1.571756
Car 0 1 1.884707 322 196 465 272 1.382725 1.677222 4.342848 -4.781707 1.614593 15.91279 1.592797
Car 0 0 -1.89944 771 188 982 314 1.499206 1.6414 4.137382 3.532144 1.523643 10.77566 -1.582687
Car 0 0 1.747093 494 188 544 223 1.453445 1.603852 3.198821 -4.395533 1.501357 31.73615 1.609466
Car 0 1 -1.779542 733 186 847 264 1.507654 1.661433 3.500855 3.55537 1.489467 15.75941 -1.557654
Car 0 1 -1.725613 717 185 793 241 1.50907 1.610535 3.512901 3.839345 1.447907 21.24976 -1.546864
Car 0 1 -1.723811 699 185 762 228 1.490741 1.678634 3.801369 3.98202 1.407923 26.82306 -1.576432
Car 0 1 1.748184 513 186 559 218 1.493747 1.634919 3.68457 -4.195425 1.466671 36.40076 1.633433
Car 0 3 -1.679566 698 184 744 219 1.492202 1.606235 3.54776 4.401552 1.364489 32.28728 -1.544076
Car 0 3 1.662375 446 185 478 207 1.60914 1.86729 3.690948 -11.86081 1.461108 54.3124 1.447369
