Car 0.9958159 1 2.527513 0 225 63 374 1.428983 1.675727 3.763085 -4.809992 1.702969 3.367534 1.567517
Car 0 0 2.088008 0 204 351 367 1.382725 1.677222 4.342848 -4.917686 1.652192 8.793755 1.57811
Car 0.7510657 0 -2.340242 945 193 1241 374 1.499206 1.6414 4.137382 3.470343 1.552084 3.778833 -1.597374
Car 0 0 1.78591 444 188 513 234 1.453445 1.603852 3.198821 -4.763953 1.495788 24.62071 1.594778
Car 0 0 -1.944503 798 186 1057 343 1.507654 1.661433 3.500855 3.420374 1.504582 8.762279 -1.572341
Car 0 1 -1.810465 748 184 877 271 1.50907 1.610535 3.512901 3.623674 1.447631 14.25607 -1.561551
Car 0 1 -1.774821 713 183 805 244 1.490741 1.678634 3.801369 3.684478 1.392424 19.83073 -1.591119
Car 0 1 1.775614 474 185 534 225 1.493747 1.634919 3.68457 -4.63238 1.448139 29.28764 1.618745
Car 0 2 -1.71648 707 182 769 228 1.492202 1.606235 3.54776 4.023699 1.333297 25.30038 -1.558764
Car 0 3 1.693362 408 184 446 210 1.60914 1.86729 3.690948 -12.55965 1.415959 47.0849 1.432686
