Car 0 0 1.905592 300 194 452 282 1.465943 1.662682 3.757097 -4.664589 1.633252 14.37052 1.591727
Car 0.7221107 0 -2.343629 978 185 1241 374 1.590111 1.587046 3.339513 3.820476 1.56394 4.352645 -1.623251
Car 0 0 -1.935455 812 191 1051 331 1.47251 1.60254 3.698168 3.798635 1.532217 9.511509 -1.55549
Car 0 1 1.823163 405 192 502 251 1.428983 1.675727 3.763085 -4.501647 1.595428 20.04994 1.602304
Car 0 0 -1.803222 752 187 875 269 1.490678 1.638055 3.515222 3.841157 1.497786 14.94552 -1.551656
Car 0 1 1.784699 454 191 530 236 1.382725 1.677222 4.342848 -4.420556 1.560444 25.47675 1.612896
Car 0 1 -1.748213 717 186 805 246 1.499206 1.6414 4.137382 3.788339 1.466113 20.17358 -1.562588
Car 0 0 1.719333 536 187 574 213 1.453445 1.603852 3.198821 -3.716443 1.451255 41.28918 1.629565
Car 0 2 -1.691819 704 185 767 231 1.507654 1.661433 3.500855 3.911724 1.433236 25.15586 -1.537555
Car 0 2 -1.666388 700 184 748 222 1.50907 1.610535 3.512901 4.305985 1.393043 30.63941 -1.526765
Car 0 1 -1.681627 691 184 735 216 1.490741 1.678634 3.801369 4.560643 1.354482 36.20872 -1.556333
Car 0 1 1.727883 548 185 584 210 1.493747 1.634919 3.68457 -3.422626 1.41774 45.94883 1.653533
Car 0 3 -1.645542 693 184 727 211 1.492202 1.606235 3.54776 5.089909 1.312375 41.66342 -1.523977
Car 0 3 1.633499 486 185 512 203 1.60914 1.86729 3.690948 -10.72645 1.418742 64.01093 1.467469
