Car 0 0 1.839691 387 191 493 256 1.465943 1.662682 3.757097 -4.497945 1.578804 18.61428 1.602596
Car 0.9771666 1 -2.492056 1087 213 1241 374 1.40595 1.662349 3.86098 3.837463 1.565578 2.825119 -1.555866
Car 0 0 -2.040168 835 182 1117 349 1.590111 1.587046 3.339513 3.877633 1.520694 8.504621 -1.612382
Car 0 1 -1.823465 767 187 907 278 1.47251 1.60254 3.698168 3.911864 1.479963 13.66335 -1.544621
Car 0 1 1.787308 453 189 528 237 1.428983 1.675727 3.763085 -4.273286 1.530923 24.29152 1.613173
Car 0 1 -1.747939 732 185 821 247 1.490678 1.638055 3.515222 4.013444 1.435994 19.09651 -1.540787
Car 0 1 1.761964 487 189 549 226 1.382725 1.677222 4.342848 -4.133218 1.486385 29.71706 1.623765
Car 0 1 -1.7154 709 184 778 233 1.499206 1.6414 4.137382 4.017453 1.395215 24.32477 -1.551719
Car 0 0 1.711869 552 185 585 209 1.453445 1.603852 3.198821 -3.257293 1.349009 45.52068 1.640434
Car 0 2 -1.668867 700 183 752 223 1.507654 1.661433 3.500855 4.19498 1.35353 29.30536 -1.526685
Car 0 2 -1.648756 698 182 739 216 1.50907 1.610535 3.512901 4.648813 1.303451 34.78421 -1.515896
Car 0 1 -1.667871 692 182 730 211 1.490741 1.678634 3.801369 4.963984 1.254957 40.35035 -1.545464
Car 0 1 1.722389 562 184 594 206 1.493747 1.634919 3.68457 -2.912853 1.307124 50.1768 1.664402
Car 0 3 -1.633756 694 182 724 207 1.492202 1.606235 3.54776 5.5525 1.202913 45.79889 -1.513108
Car 0 3 1.623967 503 183 526 201 1.60914 1.86729 3.690948 -10.01984 1.281971 68.31723 1.478339
