Car 0 0 2.091154 8 203 345 368 1.428983 1.675727 3.763085 -4.782763 1.660603 8.486475 1.577948
Car 0.9188198 0 -2.374513 1010 200 1241 374 1.490678 1.638055 3.515222 3.682172 1.581163 3.586923 -1.576012
Car 0 0 1.922914 270 198 442 287 1.382725 1.677222 4.342848 -4.833859 1.628564 13.91366 1.588541
Car 0 0 -1.965216 797 191 1083 353 1.499206 1.6414 4.137382 3.502042 1.552001 8.812159 -1.586944
Car 0 0 1.755883 482 188 537 226 1.453445 1.603852 3.198821 -4.51503 1.529122 29.73862 1.60521
Car 0 1 -1.810641 745 188 881 279 1.507654 1.661433 3.500855 3.504056 1.52195 13.79599 -1.56191
Car 0 1 -1.743883 723 186 809 248 1.50907 1.610535 3.512901 3.764667 1.485511 19.28754 -1.55112
Car 0 1 -1.735647 702 186 771 233 1.490741 1.678634 3.801369 3.883621 1.4504 24.86142 -1.580689
Car 0 1 1.754514 504 187 553 220 1.493747 1.634919 3.68457 -4.334772 1.498694 34.40406 1.629178
Car 0 3 -1.68853 700 185 749 223 1.492202 1.606235 3.54776 4.279903 1.412369 30.32742 -1.548332
Car 0 3 1.670113 436 185 469 208 1.60914 1.86729 3.690948 -12.07657 1.490633 52.28281 1.443109
