Car 0 0 -1.852381 770 185 966 305 1.432108 1.594949 4.21347 3.477576 1.419454 10.94184 -1.544654
Car 0 2 1.802227 595 181 618 197 1.451412 1.298692 4.043456 -1.357113 0.8905048 69.4205 1.782681
Car 0 0 1.905252 557 181 584 197 1.5 1.440342 3.686158 -4.854546 0.9883107 70.10434 1.836115
Car 0 2 1.825848 610 180 629 195 1.5 1.136561 3.459903 -0.08314896 0.7845298 75.26545 1.824743
Car 0 1 1.897493 574 181 597 196 1.402824 1.235785 3.797681 -3.682426 0.8851264 75.97421 1.849062
Car 0 0 0.04412431 415 186 477 214 1.485515 1.593908 3.459552 -9.806099 1.47526 40.88492 -0.1912754
Car 0 1 -3.366873 774 173 845 201 1.592328 1.640353 4.075885 11.299 0.8067726 43.53962 -3.112963
Car 0 0 2.494481 564 182 639 212 1.41455 1.589373 4.009846 -0.9890423 1.234741 38.63683 2.468888
Car 0.3152457 0 -3.591199 1179 157 1241 191 1.82574 1.708272 3.922096 32.95691 0.2000241 39.39875 -2.894597
Car 0 0 -3.37465 952 169 1042 197 1.456878 1.640357 4.625636 21.74616 0.5079619 42.07343 -2.897604
Car 0 0 1.019107 245 191 307 217 1.5 1.616834 3.673507 -20.42044 1.77251 42.92403 0.5750598
