Car 0.8117384 0 -2.365171 971 197 1241 374 1.432108 1.594949 4.21347 3.366649 1.525891 3.250644 -1.562245
Car 0 3 1.805587 578 181 604 200 1.451412 1.298692 4.043456 -2.496576 1.029973 61.63544 1.765104
Car 0 0 1.914712 535 182 566 200 1.5 1.440342 3.686158 -6.005867 1.115384 62.25741 1.818541
Car 0 2 1.826803 596 180 617 197 1.5 1.136561 3.459903 -1.325502 0.9338276 67.50204 1.807169
Car 0 1 1.90381 555 182 581 198 1.402824 1.235785 3.797681 -4.937069 1.021672 68.14714 1.831489
Car 0 2 -0.8140371 594 181 658 210 1.485515 1.593908 3.459552 0.3339443 1.201934 39.50628 -0.8055844
Car 0 0 2.475669 546 180 643 221 1.592328 1.640353 4.075885 -1.0631 1.336446 30.72838 2.441086
Car 0 0 2.248127 55 199 274 287 1.41455 1.589373 4.009846 -8.872493 1.722231 14.53784 1.700166
Car 0 0 -3.484472 1064 161 1169 202 1.82574 1.708272 3.922096 23.18886 0.6612896 34.05423 -2.886653
Car 0 0 2.794343 792 176 892 208 1.456878 1.640357 4.625636 10.86864 0.966034 35.79861 3.089104
Car 0 0 0.4017475 268 189 362 225 1.5 1.616834 3.673507 -13.65153 1.648012 32.49396 0.00401319
