Car 0 0 -1.95926 808 188 1134 372 1.432108 1.594949 4.21347 3.378261 1.468215 7.896591 -1.55501
Car 0 0 1.803407 586 181 610 198 1.451412 1.298692 4.043456 -2.061966 0.9965929 66.32253 1.772327
Car 0 0 1.908689 546 182 574 199 1.5 1.440342 3.686158 -5.566423 1.090859 66.96995 1.825761
Car 0 0 1.826145 602 180 622 196 1.5 1.136561 3.459903 -0.8485565 0.8984982 72.18048 1.81439
Car 0 0 1.899785 564 182 588 197 1.402824 1.235785 3.797681 -4.455116 0.9954565 72.85177 1.838708
Car 0 1 -0.2438101 468 185 534 214 1.485515 1.593908 3.459552 -6.52825 1.413851 39.53914 -0.4074424
Car 0 0 2.776995 712 175 790 207 1.592328 1.640353 4.075885 7.162333 1.014091 39.93679 2.954451
Car 0 0 2.351266 468 186 558 223 1.41455 1.589373 4.009846 -4.628107 1.444499 31.59097 2.2058
Car 0.1013538 0 -3.56051 1158 158 1241 195 1.82574 1.708272 3.922096 30.03274 0.3846476 37.03629 -2.879158
Car 0 1 -3.35383 906 172 999 201 1.456878 1.640357 4.625636 18.2041 0.695099 39.93938 -2.926169
Car 0 0 0.8549247 228 191 304 221 1.5 1.616834 3.673507 -18.71909 1.779592 38.27686 0.4000797
