Car 0.5617274 0 -2.216381 909 194 1241 374 1.432108 1.594949 4.21347 3.380649 1.51197 4.410943 -1.562452
Car 0 3 1.80461 579 181 605 199 1.451412 1.298692 4.043456 -2.494768 0.9751159 62.79415 1.764902
Car 0 0 1.91274 537 181 567 199 1.5 1.440342 3.686158 -6.004246 1.057844 63.41542 1.81834
Car 0 1 1.826262 596 180 617 196 1.5 1.136561 3.459903 -1.324894 0.876004 68.66094 1.806968
Car 0 3 1.902399 556 182 582 197 1.402824 1.235785 3.797681 -4.936657 0.9610842 69.30531 1.831288
Car 0 0 -0.6089091 554 182 622 212 1.485515 1.593908 3.459552 -1.71752 1.238782 38.71347 -0.653245
Car 0 0 2.566355 602 178 691 215 1.592328 1.640353 4.075885 1.228692 1.220275 33.86639 2.60262
Car 0 0 2.224212 244 193 388 253 1.41455 1.589373 4.009846 -8.225855 1.626209 19.99637 1.833945
Car 0 0 -3.516453 1098 160 1204 200 1.82574 1.708272 3.922096 25.2788 0.5934427 34.6954 -2.886795
Car 0 0 -3.408218 830 175 927 205 1.456878 1.640357 4.625636 13.13833 0.8761627 37.13869 -3.068194
Car 0 1 0.6433804 246 189 336 224 1.5 1.616834 3.673507 -15.25517 1.645725 33.65296 0.2177786
