Car 0.08075881 0 -2.032509 835 190 1241 374 1.432108 1.594949 4.21347 3.375305 1.488432 6.594193 -1.559419
Car 0 0 1.803647 582 182 607 199 1.451412 1.298692 4.043456 -2.322744 1.018551 64.99555 1.767926
Car 0 1 1.909966 542 182 570 200 1.5 1.440342 3.686158 -5.830181 1.107116 65.62744 1.821361
Car 0 0 1.826008 599 181 619 197 1.5 1.136561 3.459903 -1.135124 0.9235526 70.85884 1.809989
Car 0 1 1.900559 560 182 585 197 1.402824 1.235785 3.797681 -4.744768 1.014645 71.51414 1.834309
Car 0 0 -0.3770829 494 184 564 214 1.485515 1.593908 3.459552 -4.867834 1.369993 38.60852 -0.502503
Car 0 0 2.716195 676 177 757 210 1.592328 1.640353 4.075885 5.007515 1.107574 38.05039 2.847045
Car 0 1 2.303651 406 188 507 230 1.41455 1.589373 4.009846 -6.222869 1.52167 27.87211 2.083989
Car 0.006282806 0 -3.550831 1141 159 1241 198 1.82574 1.708272 3.922096 28.42391 0.4924954 36.0569 -2.883261
Car 0 0 -3.371029 881 173 975 203 1.456878 1.640357 4.625636 16.47328 0.7859135 38.98962 -2.971274
Car 0 0 0.8455663 231 191 310 222 1.5 1.616834 3.673507 -17.6406 1.739132 36.55143 0.3959158
