Car 0 0 -1.779029 745 184 874 269 1.432108 1.594949 4.21347 3.647602 1.386371 14.61507 -1.534448
Car 0 0 1.800946 604 181 626 196 1.451412 1.298692 4.043456 -0.5898857 0.9080069 73.14047 1.792881
Car 0 0 1.901499 568 182 593 197 1.5 1.440342 3.686158 -4.080109 1.008099 73.85991 1.846314
Car 0 0 1.825526 618 180 637 194 1.5 1.136561 3.459903 0.7436523 0.8062226 78.97219 1.834943
Car 0 0 1.894974 584 182 606 195 1.402824 1.235785 3.797681 -2.848156 0.9091759 79.71759 1.859261
Car 0 0 0.3679064 382 188 445 214 1.485515 1.593908 3.459552 -12.69231 1.578671 44.53645 0.09027918
Car 0 0 -3.23644 826 172 891 198 1.592328 1.640353 4.075885 15.34956 0.6889787 46.97407 -2.920611
Car 0 0 2.646647 640 181 707 206 1.41455 1.589373 4.009846 3.276215 1.082417 44.92659 2.719442
Car 0.2636015 0 -3.595981 1180 157 1241 190 1.82574 1.708272 3.922096 35.27996 0.1227689 42.35144 -2.901423
Car 0 0 -3.399282 986 169 1073 194 1.456878 1.640357 4.625636 25.20362 0.4073255 44.85245 -2.887331
Car 0 0 1.011626 265 191 319 215 1.5 1.616834 3.673507 -22.01649 1.82487 48.49576 0.5854608
