Car 0.9745989 1 -2.539765 1052 204 1241 374 1.432108 1.594949 4.21347 3.371359 1.533621 2.274353 -1.56245
Car 0 0 1.80615 577 181 604 200 1.451412 1.298692 4.043456 -2.503759 1.019388 60.6578 1.764897
Car 0 3 1.916147 534 182 565 201 1.5 1.440342 3.686158 -6.013113 1.106837 61.27911 1.818334
Car 0 0 1.82701 595 180 617 197 1.5 1.136561 3.459903 -1.33391 0.9202614 66.52459 1.806962
Car 0 2 1.904777 554 182 580 198 1.402824 1.235785 3.797681 -4.945547 1.010202 67.16901 1.831281
Car 0 0 -0.9788918 631 180 689 208 1.485515 1.593908 3.459552 2.235102 1.120809 40.76543 -0.9241183
Car 0 0 2.396313 481 181 588 228 1.592328 1.640353 4.075885 -3.182673 1.420098 27.46469 2.280946
Car 0.8964591 0 2.403044 0 211 72 319 1.41455 1.589373 4.009846 -9.131613 1.792981 9.018916 1.611437
Car 0 0 -3.444956 1021 161 1125 203 1.82574 1.708272 3.922096 20.91284 0.698908 33.68053 -2.889297
Car 0 0 2.701933 750 177 852 210 1.456878 1.640357 4.625636 8.513975 1.025272 34.36545 2.944791
Car 0 0 0.09589919 303 188 391 226 1.5 1.616834 3.673507 -11.97562 1.604938 31.99615 -0.262243
