Car 0 0 -1.768148 742 184 862 264 1.432108 1.594949 4.21347 3.676141 1.384133 15.33662 -1.53289
Car 0 0 1.800805 605 181 627 196 1.451412 1.298692 4.043456 -0.4702225 0.9210531 73.86866 1.79444
Car 0 0 1.900902 569 182 595 197 1.5 1.440342 3.686158 -3.959358 1.020262 74.5935 1.847872
Car 0 1 1.825555 619 180 638 195 1.5 1.136561 3.459903 0.872406 0.8213387 79.69834 1.836501
Car 0 1 1.894595 585 182 607 195 1.402824 1.235785 3.797681 -2.718266 0.9233844 80.44928 1.860819
Car 0 0 0.4799789 379 188 440 213 1.485515 1.593908 3.459552 -13.15317 1.596416 45.26074 0.1971599
Car 0 0 -3.215802 834 172 898 198 1.592328 1.640353 4.075885 16.03228 0.6824584 47.54665 -2.890584
Car 0 0 2.673896 652 180 718 205 1.41455 1.589373 4.009846 4.060221 1.063792 45.97138 2.761988
Car 0.2443486 0 -3.593181 1179 158 1241 190 1.82574 1.708272 3.922096 35.6396 0.1308992 42.88285 -2.899767
Car 0 0 -3.401131 990 169 1076 194 1.456878 1.640357 4.625636 25.7245 0.4081317 45.40821 -2.885696
