Car 0 0 1.806244 576 184 604 203 1.451412 1.298692 4.043456 -2.442696 1.227818 58.16628 1.764274
Car 0 2 1.918619 531 184 563 204 1.5 1.440342 3.686158 -5.952379 1.319085 58.78519 1.817706
Car 0 0 1.826266 595 182 617 200 1.5 1.136561 3.459903 -1.276453 1.146326 64.03407 1.806335
Car 0 1 1.906093 552 185 579 201 1.402824 1.235785 3.797681 -4.888432 1.240211 64.676 1.830653
Car 0 0 -1.51028 717 180 742 200 1.485515 1.593908 3.459552 8.274267 0.9592592 55.07413 -1.361156
Car 0.9534933 1 2.476799 0 203 57 337 1.592328 1.640353 4.075885 -8.301112 1.815196 7.559499 1.644676
Car 0.6163898 0 -3.673928 1112 131 1241 206 3.011065 2.597988 11.84035 27.15991 0.6522768 29.8874 -2.936305
Car 0 0 2.735132 758 171 855 215 1.82574 1.708272 3.922096 8.125542 1.158675 31.88818 2.984636
Car 0 0 2.463766 450 188 586 238 1.456878 1.640357 4.625636 -3.338909 1.53774 24.30205 2.327229
Car 0 0 -1.507794 425 188 464 220 1.5 1.616834 3.673507 -8.91996 1.585272 36.87164 -1.745153
