Car 0 0 -1.882677 781 186 1008 322 1.432108 1.594949 4.21347 3.436889 1.43546 9.893138 -1.54832
Car 0 1 1.802594 592 181 615 197 1.451412 1.298692 4.043456 -1.612118 0.9277413 68.35386 1.779014
Car 0 1 1.906373 553 181 580 198 1.5 1.440342 3.686158 -5.11204 1.025766 69.02485 1.832447
Car 0 0 1.825922 607 180 627 195 1.5 1.136561 3.459903 -0.3595848 0.8239039 74.20349 1.821076
Car 0 2 1.898236 571 182 594 196 1.402824 1.235785 3.797681 -3.961441 0.9247267 74.89902 1.845394
Car 0 0 -0.03215688 431 186 493 215 1.485515 1.593908 3.459552 -8.808027 1.463192 40.15928 -0.2480655
Car 0 0 2.866845 755 174 829 203 1.592328 1.640353 4.075885 9.977514 0.8711472 42.39514 3.097984
Car 0 0 2.441272 535 184 615 215 1.41455 1.589373 4.009846 -2.232082 1.308193 36.31435 2.379883
Car 0.2719413 0 -3.574745 1175 157 1241 192 1.82574 1.708272 3.922096 32.06914 0.2477716 38.57105 -2.881131
Car 0 1 -3.366839 938 170 1029 198 1.456878 1.640357 4.625636 20.56809 0.5640688 41.29138 -2.904696
Car 0 0 0.9867222 240 191 305 219 1.5 1.616834 3.673507 -19.85678 1.783558 41.3105 0.5386567
