Car 0.9629757 1 -2.496449 1030 202 1241 374 1.432108 1.594949 4.21347 3.366024 1.532139 2.488711 -1.56231
Car 0 1 1.806096 577 182 604 200 1.451412 1.298692 4.043456 -2.500895 1.044369 60.8732 1.765035
Car 0 3 1.915896 534 182 565 201 1.5 1.440342 3.686158 -6.010159 1.13237 61.49497 1.818471
Car 0 0 1.827029 595 181 617 197 1.5 1.136561 3.459903 -1.330229 0.9477626 66.73988 1.8071
Car 0 3 1.904625 554 182 580 198 1.402824 1.235785 3.797681 -4.941767 1.038274 67.38476 1.831419
Car 0 0 -0.9522657 623 180 682 209 1.485515 1.593908 3.459552 1.784071 1.15535 40.38447 -0.9081173
Car 0 0 2.41554 499 181 603 226 1.592328 1.640353 4.075885 -2.666884 1.40964 28.28654 2.321537
Car 0.5634137 0 2.347705 0 207 138 319 1.41455 1.589373 4.009846 -9.083501 1.781165 10.40021 1.629784
Car 0 0 -3.453713 1032 161 1136 203 1.82574 1.708272 3.922096 21.484 0.6962519 33.74039 -2.886713
Car 0 0 2.723899 761 177 862 210 1.456878 1.640357 4.625636 9.116366 1.019624 34.73674 2.980553
Car 0 0 0.1748404 294 189 384 226 1.5 1.616834 3.673507 -12.3809 1.630245 32.08441 -0.1934392
