Car 0.9466671 1 -2.450679 1009 200 1241 374 1.432108 1.594949 4.21347 3.367088 1.530219 2.735931 -1.56223
Car 0 3 1.805918 578 182 604 200 1.451412 1.298692 4.043456 -2.495201 1.038304 61.12085 1.765117
Car 0 1 1.915498 534 182 565 201 1.5 1.440342 3.686158 -6.004442 1.125269 61.7429 1.818553
Car 0 1 1.826945 595 180 617 197 1.5 1.136561 3.459903 -1.324057 0.9417876 66.98743 1.807181
Car 0 3 1.904348 555 182 581 198 1.402824 1.235785 3.797681 -4.93557 1.031232 67.6326 1.831501
Car 0 0 -0.9254153 614 180 674 209 1.485515 1.593908 3.459552 1.332664 1.170551 40.0031 -0.8921136
Car 0 0 2.43591 515 181 616 225 1.592328 1.640353 4.075885 -2.151437 1.384814 29.10816 2.362132
Car 0.2084797 0 2.302376 0 204 191 317 1.41455 1.589373 4.009846 -9.035626 1.7615 11.78145 1.648123
Car 0 0 -3.46417 1043 161 1147 203 1.82574 1.708272 3.922096 22.05231 0.6846976 33.845 -2.886693
Car 0 0 2.746259 772 176 873 209 1.456878 1.640357 4.625636 9.718513 1.000613 35.10775 3.016316
Car 0 0 0.2536646 285 189 377 226 1.5 1.616834 3.673507 -12.78666 1.635273 32.17237 -0.124635
