Car 0.1216505 0 -2.05873 845 190 1241 374 1.432108 1.594949 4.21347 3.373679 1.489564 6.205729 -1.560783
Car 0 0 1.803756 581 181 606 199 1.451412 1.298692 4.043456 -2.403973 1.010369 64.59919 1.766559
Car 0 1 1.91039 540 182 569 200 1.5 1.440342 3.686158 -5.912228 1.100493 65.22633 1.819995
Car 0 0 1.825997 598 180 618 197 1.5 1.136561 3.459903 -1.224369 0.9135876 70.46407 1.808623
Car 0 0 1.900825 559 182 584 197 1.402824 1.235785 3.797681 -4.834862 1.006283 71.11449 1.832942
Car 0 0 -0.4192622 503 184 573 214 1.485515 1.593908 3.459552 -4.398174 1.350331 38.56716 -0.532811
Car 0 0 2.690738 664 177 746 210 1.592328 1.640353 4.075885 4.351298 1.121474 37.377 2.806633
Car 0 1 2.283446 385 189 491 233 1.41455 1.589373 4.009846 -6.581773 1.541989 26.56784 2.040601
Car 0 0 -3.545428 1134 159 1240 198 1.82574 1.708272 3.922096 27.87495 0.4881496 35.82439 -2.884185
Car 0 0 -3.376272 873 173 967 203 1.456878 1.640357 4.625636 15.89507 0.7881696 38.67263 -2.986305
Car 0 0 0.8423361 232 191 312 223 1.5 1.616834 3.673507 -17.28111 1.734828 35.97632 0.3945344
