Car 0 0 -1.800198 752 184 899 278 1.432108 1.594949 4.21347 3.586826 1.389755 13.353 -1.537777
Car 0 0 1.801314 601 181 623 196 1.451412 1.298692 4.043456 -0.8453903 0.878054 71.86369 1.789551
Car 0 0 1.902687 564 181 590 197 1.5 1.440342 3.686158 -4.337917 0.9798427 72.57159 1.842983
Car 0 0 1.82558 616 180 634 194 1.5 1.136561 3.459903 0.4687042 0.7718726 77.69975 1.831612
Car 0 0 1.895758 581 182 603 195 1.402824 1.235785 3.797681 -3.125496 0.8765682 78.43327 1.85593
Car 0 0 0.143161 391 187 452 214 1.485515 1.593908 3.459552 -11.77066 1.541201 43.08783 -0.1235108
Car 0 1 -3.27683 809 172 876 199 1.592328 1.640353 4.075885 13.98415 0.7020264 45.8289 -2.980666
Car 0 0 2.59339 616 181 686 207 1.41455 1.589373 4.009846 1.795523 1.118071 42.83263 2.635284
Car 0.3124267 1 -3.601666 1182 156 1241 190 1.82574 1.708272 3.922096 34.56068 0.1064439 41.28856 -2.904737
Car 0 0 -3.393114 976 168 1064 195 1.456878 1.640357 4.625636 24.09411 0.40658 43.85121 -2.890692
Car 0 0 1.017129 255 191 312 216 1.5 1.616834 3.673507 -21.53534 1.811564 46.34578 0.5821454
