Car 0.9939874 2 -2.670623 1125 211 1241 374 1.432108 1.594949 4.21347 3.397189 1.542698 1.69593 -1.562847
Car 0 0 1.806117 577 181 604 199 1.451412 1.298692 4.043456 -2.501263 0.9950852 60.07671 1.764507
Car 0 0 1.916657 533 181 564 200 1.5 1.440342 3.686158 -6.010973 1.078201 60.69662 1.817945
Car 0 0 1.826795 595 180 617 197 1.5 1.136561 3.459903 -1.333708 0.8946359 65.94395 1.806573
Car 0 0 1.905032 553 182 580 198 1.402824 1.235785 3.797681 -4.945711 0.9801139 66.58691 1.830894
Car 0 0 -1.058234 656 179 709 206 1.485515 1.593908 3.459552 3.639273 1.05162 42.14391 -0.9720945
Car 0 0 2.344434 426 182 543 235 1.592328 1.640353 4.075885 -4.558763 1.471396 24.76798 2.162413
Car 0 0 -3.417481 987 163 1089 204 1.82574 1.708272 3.922096 19.20098 0.7537355 33.50193 -2.897053
Car 0 0 2.646516 714 178 818 213 1.456878 1.640357 4.625636 6.654274 1.081029 33.20119 2.844318
Car 0 0 -0.1158064 331 187 418 224 1.5 1.616834 3.673507 -10.87616 1.547257 32.03611 -0.4430939
