Car 0 0 -1.836983 765 185 945 297 1.432108 1.594949 4.21347 3.497841 1.416743 11.54599 -1.542824
Car 0 2 1.802063 596 181 619 197 1.451412 1.298692 4.043456 -1.229691 0.9223535 70.03371 1.784506
Car 0 0 1.90466 559 181 585 198 1.5 1.440342 3.686158 -4.725803 1.022532 70.72392 1.837939
Car 0 2 1.825843 612 180 631 195 1.5 1.136561 3.459903 0.05495453 0.8188276 75.87637 1.826568
Car 0 0 1.89711 576 182 598 196 1.402824 1.235785 3.797681 -3.542961 0.9218683 76.59169 1.850886
Car 0 0 0.06948331 409 187 470 215 1.485515 1.593908 3.459552 -10.28578 1.515355 41.34663 -0.174337
Car 0 1 -3.34161 783 173 853 201 1.592328 1.640353 4.075885 11.96023 0.7995816 44.11248 -3.076845
Car 0 0 2.517849 578 182 652 211 1.41455 1.589373 4.009846 -0.292366 1.225582 39.68614 2.510482
Car 0.3278754 0 -3.599357 1181 157 1241 191 1.82574 1.708272 3.922096 33.40068 0.1859488 39.81324 -2.901322
Car 0 0 -3.37953 958 169 1048 196 1.456878 1.640357 4.625636 22.33357 0.497375 42.51837 -2.895872
Car 0 0 1.01848 248 191 308 217 1.5 1.616834 3.673507 -20.69841 1.809589 43.77991 0.5768415
