Car 0.8559893 0 -2.409213 990 198 1241 374 1.432108 1.594949 4.21347 3.366396 1.526734 2.975613 -1.562275
Car 0 3 1.805768 578 181 604 200 1.451412 1.298692 4.043456 -2.498486 1.025365 61.36019 1.765072
Car 0 0 1.915134 535 182 565 200 1.5 1.440342 3.686158 -6.007744 1.112572 61.9821 1.818509
Car 0 2 1.826882 595 180 617 197 1.5 1.136561 3.459903 -1.327608 0.9277242 67.22681 1.807137
Car 0 2 1.9041 555 182 581 198 1.402824 1.235785 3.797681 -4.93914 1.017417 67.87183 1.831457
Car 0 0 -0.8698084 604 181 666 210 1.485515 1.593908 3.459552 0.8330135 1.179723 39.75455 -0.8488575
Car 0 0 2.457331 530 180 629 223 1.592328 1.640353 4.075885 -1.636118 1.356889 29.92972 2.40272
Car 0 0 2.265553 0 202 234 301 1.41455 1.589373 4.009846 -8.987686 1.74349 13.1627 1.666454
Car 0 0 -3.474413 1053 161 1158 202 1.82574 1.708272 3.922096 22.62009 0.6602381 33.94939 -2.886672
Car 0 0 2.770144 782 176 882 208 1.456878 1.640357 4.625636 10.29323 0.9742521 35.45303 3.05271
Car 0 0 0.3277964 276 189 369 226 1.5 1.616834 3.673507 -13.21917 1.640777 32.33313 -0.06030983
