Car 0 0 -1.758857 739 184 852 260 1.432108 1.594949 4.21347 3.709102 1.385624 16.00885 -1.531183
Car 0 0 1.800675 606 181 628 196 1.451412 1.298692 4.043456 -0.3374481 0.9441925 74.54805 1.796148
Car 0 0 1.900353 571 182 596 197 1.5 1.440342 3.686158 -3.82539 1.041808 75.27878 1.849581
Car 0 0 1.82558 621 181 639 195 1.5 1.136561 3.459903 1.015148 0.8475846 80.37547 1.83821
Car 0 1 1.894246 587 182 608 196 1.402824 1.235785 3.797681 -2.574299 0.9479932 81.13249 1.862527
Car 0 0 0.5918583 376 188 436 213 1.485515 1.593908 3.459552 -13.61387 1.617121 45.98509 0.3040295
Car 0 0 -3.222668 841 172 905 198 1.592328 1.640353 4.075885 16.67775 0.6878926 48.11195 -2.888985
Car 0 0 2.701857 663 180 728 204 1.41455 1.589373 4.009846 4.844584 1.053434 47.0163 2.804535
Car 0.1736187 0 -3.587843 1175 159 1241 190 1.82574 1.708272 3.922096 35.9063 0.1550333 43.53391 -2.898168
Car 0 0 -3.402878 994 169 1078 194 1.456878 1.640357 4.625636 26.24404 0.4215629 45.96227 -2.884062
