Car 0.6444625 0 -2.250725 923 195 1241 374 1.432108 1.594949 4.21347 3.37779 1.51875 4.106398 -1.562374
Car 0 0 1.913243 536 182 567 200 1.5 1.440342 3.686158 -6.0026 1.091983 63.1118 1.818417
Car 0 2 1.826394 596 180 617 197 1.5 1.136561 3.459903 -1.322802 0.9142604 68.35706 1.807045
Car 0 1 1.902757 556 182 581 198 1.402824 1.235785 3.797681 -4.934542 0.9985669 69.00166 1.831365
Car 0 1 -0.6457511 565 182 632 212 1.485515 1.593908 3.459552 -1.164198 1.243583 38.76096 -0.6757774
Car 0 0 2.540402 589 179 680 217 1.592328 1.640353 4.075885 0.6559734 1.261241 33.09611 2.56022
Car 0 0 2.225625 207 194 364 259 1.41455 1.589373 4.009846 -8.433903 1.654486 18.64228 1.800771
Car 0 0 -3.510296 1091 161 1197 201 1.82574 1.708272 3.922096 24.80277 0.6334773 34.47974 -2.886705
Car 0 0 -3.414352 821 175 919 206 1.456878 1.640357 4.625636 12.59402 0.9164721 36.83493 -3.084908
Car 0 2 0.5875814 251 189 342 224 1.5 1.616834 3.673507 -14.86459 1.6522 33.32033 0.1679656
