Car 0 0 -1.789467 749 184 886 273 1.432108 1.594949 4.21347 3.616445 1.38741 13.97551 -1.536252
Car 0 0 1.801099 602 181 624 196 1.451412 1.298692 4.043456 -0.7265511 0.8909123 72.49303 1.791077
Car 0 0 1.902064 566 181 592 197 1.5 1.440342 3.686158 -4.218029 0.9919341 73.20621 1.844509
Car 0 0 1.825524 617 180 635 194 1.5 1.136561 3.459903 0.5964508 0.7867324 78.32711 1.833138
Car 0 0 1.895339 582 182 604 195 1.402824 1.235785 3.797681 -2.996655 0.8906407 79.06607 1.857456
Car 0 0 0.2556383 387 187 449 214 1.485515 1.593908 3.459552 -12.23153 1.558795 43.81212 -0.0166111
Car 0 1 -3.256785 818 172 884 199 1.592328 1.640353 4.075885 14.66677 0.6932542 46.40144 -2.950638
Car 0 0 2.620163 628 181 696 206 1.41455 1.589373 4.009846 2.492161 1.099561 43.88179 2.676895
Car 0.2878203 1 -3.598809 1181 157 1241 190 1.82574 1.708272 3.922096 34.92022 0.1120412 41.81994 -2.90308
Car 0 0 -3.397296 982 168 1070 194 1.456878 1.640357 4.625636 24.67794 0.4042912 44.29176 -2.888966
Car 0 0 1.014287 260 191 316 215 1.5 1.616834 3.673507 -21.77596 1.817043 47.42075 0.5838031
