Car 0.989795 2 -2.62922 1101 209 1241 374 1.432108 1.594949 4.21347 3.386786 1.541934 1.868987 -1.562684
Car 0 0 1.806175 577 181 604 200 1.451412 1.298692 4.043456 -2.502184 1.011903 60.25089 1.764669
Car 0 1 1.916551 533 182 564 200 1.5 1.440342 3.686158 -6.011805 1.094734 60.87135 1.818107
Car 0 0 1.826904 595 180 617 197 1.5 1.136561 3.459903 -1.333668 0.9134613 66.11797 1.806735
Car 0 0 1.904999 554 182 580 198 1.402824 1.235785 3.797681 -4.945578 0.9986477 66.76149 1.831056
Car 0 0 -1.03203 648 179 703 207 1.485515 1.593908 3.459552 3.171644 1.082912 41.68458 -0.9560897
Car 0 0 2.360334 445 182 559 232 1.592328 1.640353 4.075885 -4.09995 1.456411 25.66693 2.201935
Car 0 0 -3.426859 999 163 1101 204 1.82574 1.708272 3.922096 19.77225 0.7516525 33.56172 -2.89447
Car 0 0 2.659187 727 178 830 212 1.456878 1.640357 4.625636 7.31043 1.070747 33.62347 2.873275
Car 0 0 -0.04516807 323 188 409 225 1.5 1.616834 3.673507 -11.24259 1.565561 32.02281 -0.3828053
