Car 0.3353137 0 -2.148772 881 192 1241 374 1.432108 1.594949 4.21347 3.378911 1.498037 5.088245 -1.562575
Car 0 1 1.804194 579 181 605 198 1.451412 1.298692 4.043456 -2.503441 0.9642395 63.47078 1.764772
Car 0 3 1.911751 538 181 567 199 1.5 1.440342 3.686158 -6.012842 1.052602 64.09171 1.818208
Car 0 0 1.826078 596 180 617 196 1.5 1.136561 3.459903 -1.334337 0.8625739 69.33768 1.806837
Car 0 3 1.901715 557 182 582 197 1.402824 1.235785 3.797681 -4.94602 0.9534523 69.9817 1.831156
Car 0 0 -0.5352074 533 182 602 212 1.485515 1.593908 3.459552 -2.823591 1.268508 38.61927 -0.6081911
Car 0 0 2.617025 627 177 713 213 1.592328 1.640353 4.075885 2.420161 1.164519 35.33345 2.685413
Car 0 0 2.236472 309 191 433 243 1.41455 1.589373 4.009846 -7.658689 1.590271 22.65487 1.910474
Car 0 0 -3.528365 1111 159 1217 199 1.82574 1.708272 3.922096 26.23031 0.5173645 35.12719 -2.886964
Car 0 0 -3.395206 847 174 943 204 1.456878 1.640357 4.625636 14.22694 0.813698 37.74675 -3.034766
Car 0 0 0.7458531 239 190 325 223 1.5 1.616834 3.673507 -16.07087 1.679421 34.45757 0.3094485
